1e-07 -3.9004972109121905e-09 0.00025243729810537377
1.023405289908563e-07 -3.899906372551408e-09 0.00025243861934608794
1.0473583874128298e-07 -3.899301702245646e-09 0.0002524399715457507
1.071872114108392e-07 -3.898682876102496e-09 0.00025244135543061935
1.0969595916840032e-07 -3.898049562641565e-09 0.0002524427717440277
1.1226342489453461e-07 -3.897401422616533e-09 0.0002524442212467895
1.1489098290031937e-07 -3.896738108833033e-09 0.0002524457047176117
1.175800396629811e-07 -3.8960592659622545e-09 0.00025244722295351686
1.2033203457875375e-07 -3.895364530350155e-09 0.0002524487767702764
1.231484407333567e-07 -3.89465352982218e-09 0.00025245036700285414
1.260307656905084e-07 -3.8939258834834386e-09 0.0002524519945058595
1.289805522988929e-07 -3.893181201514141e-09 0.0002524536601540126
1.3199937951801506e-07 -3.892419084960242e-09 0.00025245536484262026
1.3508886326338464e-07 -3.891639125519115e-09 0.00025245710948806297
1.3825065727148236e-07 -3.890840905320295e-09 0.0002524588950282937
1.4148645398497078e-07 -3.8900239967009454e-09 0.0002524607224233488
1.4479798545862358e-07 -3.889187961976131e-09 0.00025246259265587117
1.4818702428645853e-07 -3.888332353203627e-09 0.00025246450673164556
1.5165538455057036e-07 -3.887456711943231e-09 0.0002524664656801472
1.5520492279217105e-07 -3.886560569010417e-09 0.0002524684705551032
1.5883753900535794e-07 -3.885643444224136e-09 0.0002524705224350679
1.6255517765414102e-07 -3.88470484614878e-09 0.00025247262242401137
1.6635982871327448e-07 -3.883744271829965e-09 0.00025247477165192257
1.7025352873344754e-07 -3.882761206524188e-09 0.00025247697127542696
1.7423836193140975e-07 -3.881755123422026e-09 0.0002524792224784188
1.783164613056075e-07 -3.8807254833649135e-09 0.0002524815264727087
1.824900097779343e-07 -3.879671734555184e-09 0.0002524838844986867
1.8676124136220332e-07 -3.8785933122592995e-09 0.0002524862978260018
1.911324423599688e-07 -3.877489638504078e-09 0.00025248876775425724
1.9560595258433557e-07 -3.876360121765834e-09 0.00025249129561372293
2.0018416661241256e-07 -3.8752041566520745e-09 0.00025249388276606496
2.0486953506708013e-07 -3.874021123575768e-09 0.0002524965306050929
2.0966456592875765e-07 -3.872810388421951e-09 0.00025249924055752496
2.1457182587787323e-07 -3.871571302206436e-09 0.0002525020140837719
2.1959394166875453e-07 -3.870303200726467e-09 0.0002525048526787396
2.247336015356758e-07 -3.869005404203159e-09 0.0002525077578726516
2.2999355663181375e-07 -3.867677216915533e-09 0.00025251073123189085
2.3537662250188283e-07 -3.866317926825815e-09 0.0002525137743598629
2.408856805892383e-07 -3.864926805196008e-09 0.00025251688889787907
2.465236797782509e-07 -3.863503106195361e-09 0.0002525200765260617
2.522936379727866e-07 -3.8620460664985564e-09 0.0002525233389642711
2.581986437116257e-07 -3.860554904874458e-09 0.0002525266779730557
2.6424185782169406e-07 -3.85902882176509e-09 0.00025253009535462437
2.7042651510998805e-07 -3.857466998854738e-09 0.00025253359295384335
2.767559260950997e-07 -3.855868598628802e-09 0.0002525371726592571
2.8323347877926835e-07 -3.85423276392228e-09 0.00025254083640413426
2.8986264046190795e-07 -3.852558617457542e-09 0.0002525445861675392
2.9664695959558045e-07 -3.8508452613712e-09 0.00025254842397542953
3.0359006768540875e-07 -3.849091776729791e-09 0.0002525523519017812
3.1069568123294597e-07 -3.847297223033956e-09 0.0002525563720697405
3.1796760372554155e-07 -3.845460637710989e-09 0.0002525604866528046
3.254097276722696e-07 -3.843581035595257e-09 0.0002525646978760316
3.3302603668750555e-07 -3.841657408396438e-09 0.00025256900801727945
3.408206076232763e-07 -3.839688724155064e-09 0.0002525734194084764
3.487976127515117e-07 -3.837673926685247e-09 0.0002525779344369221
3.569613219973755e-07 -3.835611935004162e-09 0.00025258255554662097
3.65316105224868e-07 -3.833501642748044e-09 0.000252587285239649
3.738664345759231e-07 -3.8313419175742995e-09 0.0002525921260775539
3.8261688686425334e-07 -3.829131600549474e-09 0.0002525970806827901
3.91572146025223e-07 -3.826869505522705e-09 0.0002526021517401896
4.0073700562306146e-07 -3.824554418484295e-09 0.0002526073419984688
4.1011637141675867e-07 -3.822185096909069e-09 0.0002526126542717739
4.197152639860158e-07 -3.819760269084123e-09 0.0002526180914412636
4.295388214186575e-07 -3.817278633420693e-09 0.0002526236564567319
4.395923020609436e-07 -3.814738857749527e-09 0.0002526293523382719
4.4988108733225257e-07 -3.812139578599662e-09 0.00025263518217798003
4.6041068460564346e-07 -3.809479400459972e-09 0.0002526411491417043
4.7118673015583947e-07 -3.806756895023182e-09 0.0002526472564708356
4.822149921762047e-07 -3.803970600411875e-09 0.00025265350748414415
4.935013738663442e-07 -3.801119020386123e-09 0.0002526599055796625
5.050519165919601e-07 -3.798200623532195e-09 0.0002526664542366154
5.168728031186703e-07 -3.795213842432001e-09 0.0002526731570173993
5.289703609215143e-07 -3.7921570728127005e-09 0.00025268001756961105
5.413510655719195e-07 -3.789028672676063e-09 0.0002526870396281282
5.540215442039397e-07 -3.785826961407085e-09 0.0002526942270172423
5.669885790616227e-07 -3.782550218861259e-09 0.0002527015836528464
5.802591111294041e-07 -3.7791966844301805e-09 0.00025270911354467816
5.938402438474729e-07 -3.7757645560847336e-09 0.00025271682079861966
6.077392469140946e-07 -3.772251989395468e-09 0.000252724709619057
6.219635601769308e-07 -3.768657096529591e-09 0.00025273278431129926
6.365207976154351e-07 -3.764977945223873e-09 0.0002527410492840601
6.514187514164541e-07 -3.761212557733099e-09 0.0002527495090520028
6.666653961452302e-07 -3.75735890975326e-09 0.00025275816823835094
6.822688930140163e-07 -3.753414929318999e-09 0.0002527670315775662
6.982375942506037e-07 -3.74937849567462e-09 0.00025277610391809545
7.145800475690966e-07 -3.745247438118028e-09 0.000252785390225189
7.31305000745326e-07 -3.7410195348169425e-09 0.0002527948955837919
7.484214062993522e-07 -3.7366925115966745e-09 0.00025280462520150995
7.659384262875629e-07 -3.732264040698821e-09 0.0002528145844116537
7.838654372069317e-07 -3.727731739510106e-09 0.00025282477867636126
8.022120350140625e-07 -3.7230931692606437e-09 0.0002528352135898031
8.209880402617049e-07 -3.7183458336908947e-09 0.0002528458948814705
8.40203503355493e-07 -3.7134871776865297e-09 0.0002528568284195508
8.598687099337185e-07 -3.708514585880367e-09 0.00025286802021439126
8.799941863730193e-07 -3.7034253812206555e-09 0.00025287947642205395
9.005907054229298e-07 -3.6982168235047522e-09 0.00025289120334796546
9.216692919723106e-07 -3.692886107877451e-09 0.00025290320745066257
9.432412289507444e-07 -3.6874303632929815e-09 0.00025291549534563787
9.653180633680459e-07 -3.6818466509398602e-09 0.00025292807380928743
9.879116124951474e-07 -3.6761319626275763e-09 0.00025294094978296446
1.0110339701896322e-06 -3.6702832191342485e-09 0.0002529541303771406
1.034697513369326e-06 -3.6642972685142276e-09 0.0002529676228756797
1.0589149086374042e-06 -3.6581708843646175e-09 0.000252981434740226
1.083699119062562e-06 -3.6519007640497475e-09 0.00025299557361471085
1.1090634111178757e-06 -3.645483526882487e-09 0.0002530100473299813
1.1350213617820691e-06 -3.6389157122613135e-09 0.000253024863908554
1.1615868658069904e-06 -3.63219377776209e-09 0.0002530400315694986
1.188774143155182e-06 -3.6253140971832724e-09 0.000253055558733454
1.2165977466115351e-06 -3.6182729585435133e-09 0.0002530714540277819
1.2450725695730824e-06 -3.6110665620303806e-09 0.00025308772629186154
1.27421385402114e-06 -3.6036910178989017e-09 0.00025310438458252976
1.304037198680012e-06 -3.5961423443187878e-09 0.0002531214381796714
1.334558567366668e-06 -3.588416465168878e-09 0.00025313889659196395
1.3657942975358412e-06 -3.5805092077776003e-09 0.0002531567695627818
1.3977611090251296e-06 -3.572416300607933e-09 0.00025317506707626415
1.4304761130047772e-06 -3.5641333708855263e-09 0.00025319379936355286
1.4639568211369282e-06 -3.5556559421685216e-09 0.0002532129769092042
1.4982211549492563e-06 -3.546979431857502e-09 0.0002532326104577809
1.5332874554279858e-06 -3.5380991486441113e-09 0.00025325271102062967
1.5691744928354404e-06 -3.5290102898966945e-09 0.00025327328988285046
1.6059014767573762e-06 -3.5197079389813225e-09 0.00025329435861046217
1.643488066385472e-06 -3.5101870625165957e-09 0.00025331592905777347
1.6819543810404875e-06 -3.500442507560389e-09 0.0002533380133749625
1.7213210109417176e-06 -3.490468998726888e-09 0.00025336062401587424
1.761609028228509e-06 -3.4802611352319327e-09 0.00025338377374604107
1.8028399982397393e-06 -3.4698133878649803e-09 0.00025340747565093496
1.8450359910572934e-06 -3.4591200958855556e-09 0.0002534317431444576
1.888219593319726e-06 -3.448175463842376e-09 0.00025345658997767695
1.932413920312403e-06 -3.4369735583129417e-09 0.0002534820302478178
1.9776426283406576e-06 -3.425508304561625e-09 0.00025350807840751486
2.023929927392503e-06 -3.4137734831140117e-09 0.00025353474927433743
2.071300594097741e-06 -3.4017627262452614e-09 0.00025356205804059304
2.1197799849903774e-06 -3.3894695143801848e-09 0.00025359002028342147
2.169394050081446e-06 -3.3768871724027545e-09 0.0002536186519751869
2.220169346749514e-06 -3.3640088658724754e-09 0.0002536479694941793
2.2721330539562915e-06 -3.3508275971451687e-09 0.00025367798963563484
2.325312986794967e-06 -3.3373362013956373e-09 0.00025370872962308624
2.3797376113790494e-06 -3.323527342539443e-09 0.00025374020712005404
2.435436060079692e-06 -3.309393509051101e-09 0.00025377244024209087
2.4924381471196257e-06 -3.2949270096758656e-09 0.0002538054475691897
2.550774384532122e-06 -3.280119969032151e-09 0.00025383924815856933
2.6104759984934325e-06 -3.26496432310165e-09 0.00025387386155785045
2.6715749460375167e-06 -3.2494518146039473e-09 0.0002539093078186338
2.734103932161978e-06 -3.2335739882524753e-09 0.0002539456075104969
2.798096427334371e-06 -3.2173221858885743e-09 0.00025398278173542193
2.863586685408246e-06 -3.20068754149014e-09 0.00025402085214267054
2.930609761958527e-06 -3.1836609760513995e-09 0.0002540598409441209
2.999201533046031e-06 -3.166233192330205e-09 0.00025409977093008424
3.06939871442118e-06 -3.1483946694590847e-09 0.00025414066548561575
3.1412388811771777e-06 -3.13013565741615e-09 0.00025418254860733994
3.2147604878631796e-06 -3.1114461713519847e-09 0.000254225444920806
3.2900028890682103e-06 -3.092315985768243e-09 0.0002542693796983946
3.3670063604868617e-06 -3.072734628543787e-09 0.00025431437887779394
3.445812120478032e-06 -3.0526913748040357e-09 0.0002543604690810666
3.5264623521282605e-06 -3.0321752406288046e-09 0.0002544076776343281
3.609000225831455e-06 -3.011174976594106e-09 0.0002544560325880593
3.693469922397117e-06 -2.9896790611429964e-09 0.000254505562738076
3.779916656699379e-06 -2.967675693780436e-09 0.0002545562976471794
3.868386701879634e-06 -2.94515278808698e-09 0.0002546082676675125
3.9589274141155565e-06 -2.9220979645459978e-09 0.0002546615039636481
4.0515872579698884e-06 -2.898498543178763e-09 0.00025471603853643613
4.1464158323325134e-06 -2.874341535981772e-09 0.0002547719042476377
4.243463896969711e-06 -2.849613639160266e-09 0.00025482913484537525
4.342783399694807e-06 -2.824301225151878e-09 0.0002548877649904299
4.444427504174759e-06 -2.798390334433954e-09 0.0002549478302834164
4.54845061838756e-06 -2.7718666671080113e-09 0.0002550093672928704
4.654908423745703e-06 -2.7447155742544586e-09 0.0002550724135842806
4.763857904901293e-06 -2.7169220490505493e-09 0.00025513700775010346
4.875357380248707e-06 -2.6884707176441286e-09 0.0002552031894407957
4.98946653314128e-06 -2.659345829775677e-09 0.0002552709993969052
5.106246443838524e-06 -2.6295312491406724e-09 0.00025534047948226016
5.225759622201133e-06 -2.599010443484135e-09 0.00025541167271829756
5.348070041151213e-06 -2.567766474418858e-09 0.00025548462331957694
5.473243170915657e-06 -2.535781986958476e-09 0.00025555937673052344
5.601346014071e-06 -2.5030391987562945e-09 0.0002556359796634485
5.7324471414085055e-06 -2.4695198890403304e-09 0.00025571448013789796
5.8666167286386844e-06 -2.4352053872347226e-09 0.0002557949275213791
6.003926593954898e-06 -2.4000765612572986e-09 0.00025587737257152084
6.144450236476143e-06 -2.3641138054826e-09 0.00025596186747972274
6.288262875589606e-06 -2.3272970283593673e-09 0.00025604846591635274
6.435441491214034e-06 -2.2896056396709756e-09 0.00025613722307755315
6.586064865005493e-06 -2.2510185374268364e-09 0.00025622819573372003
6.740213622527547e-06 -2.2115140943723698e-09 0.00025632144227972174
6.8979702764084495e-06 -2.171070144104596e-09 0.0002564170227869261
7.0594192705084395e-06 -2.1296639667799016e-09 0.00025651499905710864
7.2246470251208e-06 -2.0872722743999217e-09 0.0002566154346783175
7.393741983230789e-06 -2.04387119566105e-09 0.00025671839508277283
7.566794657857419e-06 -1.9994362603522037e-09 0.0002568239476068845
7.743897680503136e-06 -1.9539423832852283e-09 0.0002569321615534714
7.92514585073756e-06 -1.907363847741248e-09 0.0002570431082562742
8.110636186941718e-06 -1.8596742884158707e-09 0.00025715686114685264
8.300467978239971e-06 -1.8108466738452662e-09 0.0002572734958239662
8.49474283764742e-06 -1.7608532882944183e-09 0.00025739309012553883
8.693564756461246e-06 -1.709665713088019e-09 0.000257515724203314
8.897040159925088e-06 -1.6572548073636368e-09 0.00025764148060031066
9.105277964196262e-06 -1.6035906882258597e-09 0.0002577704443311955
9.318389634646344e-06 -1.548642710279221e-09 0.00025790270296569223
9.53648924552619e-06 -1.4923794445167403e-09 0.00025803834671515337
9.759693541027623e-06 -1.4347686565396403e-09 0.0002581774685224261
9.988121997774104e-06 -1.375777284083194e-09 0.0002583201641551492
1.0221896888774101e-05 -1.3153714138218886e-09 0.0002584665323026247
1.0461143348871297e-05 -1.253516257426391e-09 0.00025861667467641275
1.0705989441726664e-05 -1.1901761268432057e-09 0.0002587706961148072
1.0956566228368292e-05 -1.1253144087667036e-09 0.0002589287046913538
1.1213007837345621e-05 -1.0588935382717322e-09 0.0002590908118275818
1.1475451536525683e-05 -9.908749715735638e-10 0.0002592571324101271
1.1744037806569732e-05 -9.212191578802461e-10 0.0002594277849124321
1.201891041612962e-05 -8.498855103009329e-10 0.00025960289152121677
1.230021649880418e-05 -7.768323757718164e-10 0.0002597825782679234
1.258810663189678e-05 -7.020170039595757e-10 0.0002599669751653471
1.2882734917016228e-05 -6.253955151002417e-10 0.0002601562163496733
1.318425906256416e-05 -5.469228667293109e-10 0.00026035044022815256
1.3492840468153072e-05 -4.665528192567367e-10 0.0002605497896326559
1.3808644311000185e-05 -3.8423790033818944e-10 0.0002607544119793612
1.4131839634343373e-05 -2.999293679914808e-10 0.0002609644594348354
1.44625994379265e-05 -2.135771724045119e-10 0.00026118008908878845
1.480110077060262e-05 -1.25129916378314e-10 0.0002614014631337856
1.5147524825104427e-05 -3.453481434605978e-11 0.0002616287490522202
1.550205703503315e-05 5.826235009443796e-11 0.00026186211981086145
1.586488717411718e-05 1.5331726820003263e-10 0.00026210175406330506
1.6236209457794034e-05 2.5068715172241173e-10 0.0002623478363606716
1.6616222647169854e-05 3.5043078024155076e-10 0.0002626005573709104
1.7005130155412094e-05 4.526085502687958e-10 0.00026286011410708604
1.740314015663236e-05 5.57282526199903e-10 0.0002631267101650383
1.7810465697317732e-05 6.645164932026442e-10 0.00026340055597082727
1.822732481036997e-05 7.743760121280972e-10 0.0002636818690383917
1.865394063181422e-05 8.86928476539596e-10 0.00026397087423786904
1.9090541520238954e-05 1.002243171958264e-09 0.0002642678040750473
1.9537361179031605e-05 1.1203913374295125e-09 0.000264572898982437
1.9994638781475142e-05 1.2414462295206497e-09 0.000264886407622477
2.046261909877256e-05 1.3654831888655953e-09 0.0002652085872034108
2.094155263106783e-05 1.4925797093793444e-09 0.00026553970380839234
2.1431695741533404e-05 1.6228155102713626e-09 0.0002658800327384078
2.1933310793596105e-05 1.7562726109946206e-09 0.0002662298588696278
2.2446666291374834e-05 1.893035409274231e-09 0.0002665894770258279
2.2972037023405232e-05 2.03319076236817e-09 0.00026695919236655133
2.3509704209728272e-05 2.1768280717208687e-09 0.00026733932079171183
2.4059955652421524e-05 2.3240393711798255e-09 0.0002677301893633722
2.4623085889653616e-05 2.4749194189549105e-09 0.0002681321367454634
2.5199396353344406e-05 2.6295657935105852e-09 0.0002685455136622482
2.5789195530515217e-05 2.78807899359191e-09 0.0002689706833763668
2.639279912841554e-05 2.9505625425972015e-09 0.00026940802218734306
2.7010530243514573e-05 3.1171230975222858e-09 0.00026985791995146844
2.764271953444804e-05 3.287870562714567e-09 0.0002703207806240245
2.828970539901289e-05 3.462918208689091e-09 0.0002707970228248486
2.8951834155304625e-05 3.6423827962736684e-09 0.00027128708042829233
2.9629460227094224e-05 3.826384706365806e-09 0.0002717914031786739
3.03229463335436e-05 4.015048075601095e-09 0.0002723104573323727
3.103266368336199e-05 4.208500938250618e-09 0.0002728447263277705
3.1758992173506e-05 4.4068753746836925e-09 0.0002733947114842974
3.2502320592530694e-05 4.610307666752815e-09 0.00027396093273189965
3.326304682869993e-05 4.818938460478927e-09 0.0002745439293723073
3.404157808296776e-05 5.032912936438147e-09 0.00027514426087354315
3.483833108694467e-05 5.25238098827551e-09 0.0002757625076991826
3.5653732325965114e-05 5.477497409796952e-09 0.0002763992721739404
3.6488218267376626e-05 5.70842209111895e-09 0.0002770551793872383
3.73422355941715e-05 5.945320224383876e-09 0.0002777308781364813
3.821624144408694e-05 6.188362519581117e-09 0.0002784270419118484
3.9110703654301435e-05 6.437725431047059e-09 0.00027914436992449403
4.0026101011858253e-05 6.693591395252613e-09 0.0002798835881801374
4.096292350995022e-05 6.956149080524841e-09 0.000280645450600113
4.192167261020289e-05 7.225593649389675e-09 0.0002814307401920505
4.2902861511096555e-05 7.502127034265498e-09 0.00028224027027245433
4.3907015422670694e-05 7.7859582272835e-09 0.0002830748857435562
4.493467184765805e-05 8.077303585059265e-09 0.00028393546442692777
4.598638086919862e-05 8.3763871492923e-09 0.0002848229184564531
4.706270544528781e-05 8.683440984125697e-09 0.0002857381957333846
4.8164221710116075e-05 8.998705531257278e-09 0.0002866822814463305
4.929151928246164e-05 9.322429983856737e-09 0.00028765619965915717
5.044520158130118e-05 9.6548726804106e-09 0.0002886610149699255
5.162588614880743e-05 9.996301519688703e-09 0.0002896978342441297
5.2834204980906736e-05 1.034699439810233e-08 0.0002907678084256569
5.4070804865573294e-05 1.0707239670806093e-08 0.00029187213442904546
5.5336347729041376e-05 1.1077336637982657e-08 0.00029301205711678894
5.663151099012063e-05 1.1457596057842514e-08 0.0002941888713656059
5.7956987922804495e-05 1.1848340687970419e-08 0.0002954039242257786
5.931348802736482e-05 1.2249905856755622e-08 0.00029665861717785726
6.070173741013337e-05 1.2662640066757117e-08 0.00029795440849122616
6.2122479172171e-05 1.308690563197443e-08 0.0002992928156892376
6.357647380703433e-05 1.352307935112469e-08 0.00030067541812584133
6.506449960785212e-05 1.3971553219163577e-08 0.00030210385967886576
6.658735308392948e-05 1.4432735179434893e-08 0.00030357985156535155
6.814584938710283e-05 1.490704991899038e-08 0.00030510517528458704
6.974082274807324e-05 1.5394939709788732e-08 0.00030668168569476193
7.137312692295359e-05 1.589686529866245e-08 0.0003083113142294347
7.304363565026598e-05 1.6413306849130917e-08 0.0003099960722602936
7.47532431186359e-05 1.6944764938343613e-08 0.00031173805461300047
7.650286444543286e-05 1.7491761612654618e-08 0.0003135394432432231
7.829343616661371e-05 1.8054841505562743e-08 0.00031540251108029224
8.012591673803087e-05 1.8634573022000556e-08 0.00031732962604627335
8.200128704847386e-05 1.9231549593221396e-08 0.00031932325525860277
8.392055094471868e-05 1.984639100681771e-08 0.00032138596942482534
8.588473576886614e-05 2.0479744816707616e-08 0.0003235204474383675
8.789489290825678e-05 2.1132287838251226e-08 0.0003257294811847014
8.995209835825662e-05 2.1804727734004862e-08 0.00032801598056769347
9.205745329821518e-05 2.2497804695992197e-08 0.00033038297876639166
9.42120846809039e-05 2.3212293230767417e-08 0.0003328336377329857
9.641714583575055e-05 2.3949004053969117e-08 0.0003353712539431813
9.867381708619248e-05 2.4708778794788943e-08 0.0003379816767032609
0.00010098330638147942 2.5492371768874686e-08 0.0003405929407217181
0.00010334684994326319 2.6300477597880314e-08 0.0003432150663257021
0.00010576571292732201 2.7133885419912133e-08 0.00034586617125061846
0.00010824119010077183 2.7993373493345517e-08 0.00034853502631432655
0.00011077460653512827 2.8879786312175107e-08 0.0003512307382837802
0.00011336731831559005 2.9793934604584805e-08 0.0003539349314256212
0.00011602071326692277 3.073670820697498e-08 0.00035667144295574015
0.00011873621169633335 3.170898183786885e-08 0.00035941995181367625
0.00012151526715373054 3.271171223454331e-08 0.0003621990571624756
0.00012435936720978007 3.374578048619892e-08 0.0003649638807045226
0.00012727003425217043 3.4812174924406625e-08 0.0003677699714060957
0.0001302488263005152 3.591184526082249e-08 0.0003705513095354539
0.00013329733784032895 3.704579016754775e-08 0.00037337714751041717
0.00013641720067652152 3.821514657659831e-08 0.00037623966630542246
0.0001396100848068701 3.942109145768791e-08 0.0003791409883658781
0.00014287769931593396 4.066470535890326e-08 0.00038201904757981865
0.00014622179328989187 4.194713629701568e-08 0.0003849497571730167
0.00014964415675279176 4.3269582050852234e-08 0.0003878614118769528
0.0001531466216247133 4.463324899677667e-08 0.0003908195516941212
0.0001567310627023567 4.603943416787447e-08 0.0003937721225321516
0.00016039939866258266 4.7489417221306826e-08 0.00039676275686360954
0.0001641535930894396 4.8984602149087616e-08 0.0003997679979435472
0.0001679956555252302 5.0526404766721315e-08 0.00040281673747800544
0.00017192764254617729 5.2116282900322356e-08 0.00040585768108101816
0.00017595165886326634 5.3755673207444655e-08 0.000408942977424946
0.00018006985844885366 5.5446121769813454e-08 0.0004120012958318543
0.00018428444568964296 5.718898508504112e-08 0.0004150641281278464
0.00018859767656664807 5.898600978501842e-08 0.00041819566696099555
0.00019301185986277187 6.083907031359207e-08 0.0004213919484917602
0.00019752935839865095 6.274991015094172e-08 0.0004245597956280902
0.00020215259029742383 6.472007351261126e-08 0.00042773323948650974
0.00020688403027910196 6.675148344598329e-08 0.000430941109853788
0.00021172621098523625 6.884602591011204e-08 0.0004341836085170306
0.00021668172433458727 7.10057246658417e-08 0.0004374345023640201
0.00022175322291052583 7.323243626184513e-08 0.000440695181115358
0.00022694342138090487 7.552830876497814e-08 0.0004439874962062564
0.00023225509795116612 7.789542939576543e-08 0.00044730287055686586
0.00023769109585145484 8.03360852577349e-08 0.0004506427738926761
0.00024325432485854218 8.285243326053664e-08 0.00045399294065033124
0.0002489477628533681 8.544688777183646e-08 0.0004573775725503187
0.00025477445741503937 8.812179179926334e-08 0.0004607762470536359
0.00026073752745213517 9.087971320589286e-08 0.0004642097878280385
0.0002668401648721946 9.372312916852192e-08 0.0004676558289933168
0.000273085636290277 9.665478633299657e-08 0.00047113432518816964
0.0002794772847775153 9.967716132156407e-08 0.00047458251463054155
0.0002860185316505911 1.0279301162359724e-07 0.0004780866868685876
0.0002927128783030946 1.0600534869686543e-07 0.0004816271174064843
0.00029956390807974847 1.0931731478055305e-07 0.00048520610470390073
0.0003065752881944971 1.1273178081812984e-07 0.0004887580707437248
0.00031375077169349086 1.1625183548554209e-07 0.0004923652327309815
0.0003210941994640123 1.1988083991691657e-07 0.0004959943394720298
0.0003286095022904255 1.236223202554307e-07 0.0004996799500647591
0.00033630070295824146 1.274795231038575e-07 0.0005033138816801505
0.0003441719184074326 1.3145579028231183e-07 0.0005070068845009295
0.00035222736193614483 1.3555493359927046e-07 0.0005107129405831283
0.00036047134545598864 1.397807799694599e-07 0.0005144710202169107
0.00036890828180011616 1.4413725376131454e-07 0.0005182278753394255
0.0003775426870853177 1.4862832260669728e-07 0.0005220365625180519
0.0003863791831294074 1.532581804427611e-07 0.0005258404728900767
0.00039542249992518494 1.5803096614043987e-07 0.000529693065966312
0.00040467747817230263 1.6295115555346294e-07 0.0005335407123250737
0.0004141490718683915 1.6802306195345372e-07 0.0005374295705495263
0.0004238423509608335 1.7325148567828295e-07 0.0005413259082152325
0.0004337625040605987 1.7864102122814786e-07 0.0005452560075874082
0.00044391484121960163 1.8419680108015077e-07 0.0005492128908727605
0.0004543047967730601 1.8992391688553402e-07 0.0005532195825582414
0.00046493793224838435 1.9582775614299553e-07 0.0005572183818144831
0.0004758199393421456 2.019132062788315e-07 0.0005612263519340955
0.00048695664296672335 2.081860729598513e-07 0.0005652831109662772
0.0004983540043682601 2.1465221376951566e-07 0.0005693900123950366
0.0005100181243175925 2.2131776232445749e-07 0.0005735035150614853
0.0005219552463758677 2.2818833150786522e-07 0.0005776249607564041
0.0005341717602365903 2.3527041757449689e-07 0.0005817873439176979
0.0005466742051458951 2.425703841467779e-07 0.0005859815931622011
0.000559469273402868 2.5009517504971545e-07 0.0005901976634044809
0.0005725638139417951 2.5785110724550815e-07 0.0005944061526117572
0.0005859648359982553 2.6584540984907343e-07 0.0005986674129986407
0.0005996795128610181 2.740853555815315e-07 0.0006029545310493681
0.0006137151857117567 2.8257872618495914e-07 0.0006072820912788312
0.0006280793675546278 2.9133300818147465e-07 0.0006116199727653432
0.0006427797472378308 3.0035643582944135e-07 0.0006160036179830745
0.0006578241935692849 3.0965678616301877e-07 0.0006203697647367796
0.0006732207595286407 3.1924255032077247e-07 0.000624796821675515
0.0006889776865778715 3.291225027181943e-07 0.000629241591857719
0.0007051034090727575 3.393059411809438e-07 0.0006337413855388655
0.0007216065587776216 3.4980171206612764e-07 0.000638213335667196
0.0007384959694857329 3.606192552176161e-07 0.0006427536683065142
0.0007557806817478518 3.7176840993258947e-07 0.0006472880606549422
0.0007734699477114517 3.8325932263978954e-07 0.0006518899032379009
0.0007915732360731991 3.951024546603853e-07 0.0006564867645103059
0.0008101002371473517 4.0730857427093993e-07 0.0006611527686152932
0.0008290608680527811 4.1988871832509674e-07 0.0006658003900272025
0.0008484652780214013 4.32854075054522e-07 0.0006705165994652527
0.0008683238538308426 4.4621641522349197e-07 0.0006752091130166221
0.000888647225364274 4.599872561449918e-07 0.0006799571741016795
0.0009094462713003649 4.741793983147215e-07 0.0006847149049027221
0.0009307321249364116 4.888053410655509e-07 0.0006895202067934466
0.0009525161801477611 5.038787573605056e-07 0.0006943588947522503
0.0009748100974867164 5.194135252201012e-07 0.0006992669092390374
0.0009976258104241874 5.354237954257386e-07 0.0007041466500079716
0.0010209755317374307 5.519227176926803e-07 0.0007090578116491587
0.0010448717600472944 5.689257241103778e-07 0.0007139903139810173
0.0010693272865084718 5.864474593445612e-07 0.0007189557529916534
0.0010943552016563394 6.045042604713481e-07 0.0007239594512419855
0.0011199689024140522 6.231122880319447e-07 0.0007290148943242671
0.0011461820992636283 6.422888259857189e-07 0.0007340805638435047
0.0011730088235848988 6.620500009304255e-07 0.0007391693073183872
0.0012004634351662055 6.824141837639889e-07 0.0007442853932035569
0.0012285606298909 7.033985026900072e-07 0.0007494080532502241
0.0012573154476037433 7.250223282671076e-07 0.0007545897073631354
0.0012867432801614235 7.473052668955161e-07 0.0007598259807546331
0.0013168598796714968 7.702682020747312e-07 0.0007650783662720748
0.0013476813669241635 7.939296321528589e-07 0.0007703035419584619
0.001379224240021392 8.183110165508552e-07 0.0007755985604538283
0.00141150538320801 8.434342696400149e-07 0.0007809259464451827
0.0014445420759094905 8.693226588580101e-07 0.0007863006088013944
0.0014783520019812696 8.959984065477673e-07 0.000791678247605433
0.0015129532591745456 9.234860076577845e-07 0.0007971145097144491
0.0015483643688236342 9.518086973451989e-07 0.000802521358969681
0.0015846042857600405 9.809916987716125e-07 0.000808002732997864
0.0016216924084586054 1.0110610829865702e-06 0.00081349429051426
0.0016596485894210947 1.0420442110620158e-06 0.0008190554562751721
0.001698493145802833 1.0739682156916066e-06 0.000824604700059475
0.0017382468702880555 1.1068617667515276e-06 0.0008302350172861031
0.0017789310422197996 1.1407536027021693e-06 0.0008358314791971428
0.001820567438990296 1.1756735414939933e-06 0.0008415179768732163
0.0018631783476979538 1.2116524212632793e-06 0.0008471705730822822
0.0019067865770771818 1.2487213074614895e-06 0.000852900090645223
0.0019514154697074296 1.2869137113212917e-06 0.0008586315394317863
0.0019970889145079864 1.3262633510428542e-06 0.0008644391147366501
0.0020438313595252233 1.3668053442565062e-06 0.0008702301517494342
0.0020916678250191235 1.4085744716890115e-06 0.0008760904298352294
0.002140623916856109 1.45160831219116e-06 0.0008819394021874328
0.0021907258402153345 1.4959431479735933e-06 0.0008878421835702891
0.0022420004136157546 1.5416194363788437e-06 0.0008937696745300799
0.002294475083271549 1.5886770801245736e-06 0.0008997625511997674
0.002348177937783494 1.6371585349996013e-06 0.0009057525188253664
0.002403137723174208 1.6871043768279015e-06 0.0009117902788173257
0.0024593838582753044 1.7385599552720865e-06 0.0009178366674160467
0.002516946450474678 1.7915679966132765e-06 0.0009239193655007197
0.0025758563118323664 1.8461766928486725e-06 0.0009300265962948654
0.0026361449755736045 1.9024316677111276e-06 0.0009361607926528662
0.002697844712967906 1.9603839798991106e-06 0.0009423426600332738
0.002760988550603204 2.0200838079919672e-06 0.0009485739221223385
0.0028256102880642947 2.0815853890812702e-06 0.0009548274568398526
0.0028917445160250577 2.144939287326389e-06 0.000961096228326238
0.0029594266347641213 2.210202859132736e-06 0.0009674022797050602
0.0030286928731138984 2.277429255032159e-06 0.0009736951209850276
0.003099580307853134 2.3466784341363806e-06 0.0009800613483810765
0.003172126883553309 2.4180110717057665e-06 0.0009864710239309708
0.0032463714328896205 2.4914919575007186e-06 0.0009929237915941413
0.0033223536974272792 2.5671811965224166e-06 0.0009993558105665116
0.0034001143488943506 2.6451458321851187e-06 0.0010058617841109975
0.0034796950109524877 2.725452179145428e-06 0.0010123663776259925
0.0035611382814772106 2.8081717268240625e-06 0.001018943256405781
0.0036444877553596664 2.893373874809651e-06 0.0010254967682508085
0.003729788047842067 2.9811335749790055e-06 0.001032134489249925
0.0038170848183993037 3.0715245857546994e-06 0.0010387298375283361
0.003906424795179514 3.164624526773117e-06 0.0010454167060201223
0.003997855800016689 3.2605148565750223e-06 0.0010521043684661349
0.00409142677402871 3.359280289943323e-06 0.0010588879837070903
0.004187187803814508 3.4610042929158458e-06 0.0010656141875567493
0.004285190148264394 3.5657727659652737e-06 0.0010724402695356336
0.00438548626599784 3.6736767163933815e-06 0.0010792337563760696
0.00448812984344354 3.7848072317697037e-06 0.0010861143063126417
0.00459317582357661 3.899261422131239e-06 0.0010929793175529598
0.004700680435328423 4.017136107661707e-06 0.001099928553798472
0.004810701223684794 4.1385339430071e-06 0.001106852314160679
0.004923297080488616 4.2635553599526746e-06 0.0011138500699293225
0.005038528275963433 4.392309979851985e-06 0.0011208321623963078
0.005156456490974849 4.524903039044995e-06 0.0011278721931596274
0.005277144850047007 4.6614517106278985e-06 0.0011349271814642397
0.005400657955151837 4.802070087845954e-06 0.0011420490309453292
0.005527061920289152 4.946881547488708e-06 0.001149161451845075
0.005656424406876098 5.096002358798306e-06 0.001156314251327756
0.0057888146599649045 5.249564109653703e-06 0.0011634846569715724
0.0059243035453083225 5.407691248778752e-06 0.0011706886440933763
0.006062963587292604 5.5705230886347235e-06 0.00117792662460446
0.006204869007758247 5.73819334370034e-06 0.0011852018358914748
0.006350095765729487 5.910849488395073e-06 0.0011925082025000572
0.006498721598073523 6.088631693508769e-06 0.0011998439357279395
0.006650826061111473 6.271696317268485e-06 0.0012072042724889708
0.006806490573203213 6.460186426467156e-06 0.0012145428231166329
0.006965798458328935 6.6542655119806735e-06 0.0012219549542030193
0.007128834990690744 6.854095678183e-06 0.0012293998126439744
0.007295687440358169 7.059852217205385e-06 0.001236887862985181
0.007466445119982013 7.271697441331314e-06 0.0012443434223487217
0.007641199432601568 7.489813226215093e-06 0.001251877582431542
0.007820043920570754 7.714378496990512e-06 0.0012594050254358781
0.008003074315629407 7.945587227913425e-06 0.0012670058442914023
0.008190388590146487 8.183624692831873e-06 0.0012745592981864527
0.008382087009562653 8.42869214742608e-06 0.001282206045040443
0.008578272186060283 8.680991191523955e-06 0.0012898208530729793
0.008779049133489586 8.94073556027393e-06 0.001297532222807162
0.008984525323580428 9.208137528125761e-06 0.001305188004606342
0.009194810743469653 9.483420323083292e-06 0.0013129541386955412
0.00941001795457493 9.766810359173862e-06 0.0013206518196442207
0.009630262152846538 1.005853981795669e-05 0.0013284601884566006
0.009855661230429373 1.0358853496825681e-05 0.001336230745122402
0.010086335838768157 1.0668001297551446e-05 0.0013441146983820204
0.010322409453189654 1.0986236093765387e-05 0.0013518989232727961
0.010564008438996448 1.1313801360614151e-05 0.0013597411988941033
0.010811262119107665 1.165098593023576e-05 0.001367679945997601
0.011064302843282844 1.1998094920076483e-05 0.0013757846630508559
0.011323266058966018 1.235539677201482e-05 0.0013836050110124791
0.011588290383787907 1.2723114239438947e-05 0.001391391656304616
0.0118595176797651 1.310157756834422e-05 0.0013993435894977247
0.01213709312923573 1.349112403809361e-05 0.0014074134495568715
0.012421165312572719 1.38920764631185e-05 0.0014154320970834213
0.01271188628771567 1.4304743195167677e-05 0.0014234904055484836
0.01300941167156434 1.4729474297760473e-05 0.0014315596016606967
0.013313900723277147 1.5166605278169081e-05 0.001439692082268797
0.013625516429519275 1.5616504550246524e-05 0.0014477743833929654
0.01394442559170606 1.607949197967356e-05 0.0014557971603229739
0.014270798915288326 1.655595803749564e-05 0.0014639451469695944
0.014604811101127454 1.704631824593929e-05 0.0014722577706694966
0.01494664093900914 1.7550992257011934e-05 0.0014804273099345497
0.015296471403345845 1.807027636926144e-05 0.0014883351940297251
0.015654489751119195 1.860458534222965e-05 0.001496488835225639
0.01602088762211477 1.9154436704978786e-05 0.0015049219190355846
0.016395861141502873 1.9720318661631253e-05 0.0015132330139932515
0.016779611024820323 2.0302563264138012e-05 0.0015212282571089955
0.017172342685409164 2.0901609214971776e-05 0.0015294481407175987
0.017574266344370353 2.1518037434350842e-05 0.0015379851974136624
0.017985597143090643 2.215242249769622e-05 0.0015464419332309456
0.0184065552584033 2.2805100937602443e-05 0.0015544052566314282
0.018837366020444214 2.3476515907300987e-05 0.0015625867398296265
0.019278260033266423 2.416730689422269e-05 0.0015710175850228705
0.019729473298277685 2.4878094752092685e-05 0.0015794795311672928
0.020191247340567126 2.560937889692516e-05 0.0015877549635143259
0.0206638293381886 2.636173169618017e-05 0.0015961821297322005
0.021147472254469973 2.7135708931983047e-05 0.0016043563490352026
0.021642434973419132 2.793185777569682e-05 0.0016126389052658731
0.02214898243829923 2.8750869514595583e-05 0.0016210523073305189
0.022667385793447292 2.959345901663543e-05 0.0016295937557138647
0.023197922529412215 3.0460238374874462e-05 0.0016378848735490463
0.02374087663148949 3.135181001123919e-05 0.0016462575935077143
0.02429653873173293 3.226890832309994e-05 0.0016546232429419144
0.02486520626452377 3.321225944738983e-05 0.0016631091505924644
0.02544718362578116 3.418258908678071e-05 0.0016714138618185697
0.026042782335899007 3.518055278719737e-05 0.0016797231447331787
0.026652321206496323 3.6206979311372215e-05 0.0016881326056168787
0.02727612651107051 3.726272235772887e-05 0.0016966984741909011
0.027914532159644755 3.8348590638148476e-05 0.0017050233014256435
0.028567879877503144 3.9465237104828124e-05 0.0017132252974821176
0.029236519388109106 4.0613589198466416e-05 0.0017216696127066895
0.02992080860030512 4.17946900934226e-05 0.001730379499411497
0.030621113799893886 4.3009457349697516e-05 0.00173874878067913
0.0313378098457035 4.425850859355216e-05 0.0017468680158118342
0.03207128037024161 4.5542841639793454e-05 0.0017551832191212567
0.03282191798504598 4.68635152494986e-05 0.0017636253007228108
0.03359012449084106 4.822158123183808e-05 0.0017719832064536456
0.034376311092613916 4.9617931246162035e-05 0.0017802369475986158
0.0351808986197235 5.1053654618515394e-05 0.0017885611487273533
0.036004317751161884 5.252981167676683e-05 0.0017968692044998597
0.036847009246087845 5.4047556743055994e-05 0.0018052226572379633
0.037709424179756035 5.560800857615667e-05 0.0018136015639990657
0.038592024184968196 5.721242147688984e-05 0.001821950127323272
0.03949528169917565 5.886174734745805e-05 0.0018299653839396863
0.040419680217365216 6.0557155734594515e-05 0.0018381508066198863
0.041365714550864054 6.230003328440766e-05 0.0018464507093563043
0.04233389109220189 6.409178671120864e-05 0.0018547718084987424
0.0433247280861724 6.593360023876668e-05 0.0018628905260052188
0.04433875590723893 6.782683686688972e-05 0.0018711282959587754
0.045376517343432864 6.977280022815255e-05 0.0018791172434131362
0.04643856788689694 7.177282889749713e-05 0.001887218775400402
0.04752547603122824 7.382852032186636e-05 0.0018954058432424342
0.0486378235757816 7.594158148646182e-05 0.0019037532969114264
0.0497762059370943 7.811328111481437e-05 0.001911531066583707
0.05094123246760033 8.034485752576192e-05 0.0019194138320875996
0.05213352678180401 8.263811989056532e-05 0.0019273692445172562
0.05335372709008796 8.499484740222357e-05 0.0019354363368308352
0.054602486540333825 8.741668979607362e-05 0.0019432889301378702
0.05588047356753874 8.990524366553904e-05 0.0019511958158440982
0.05718837225161477 9.24623763034501e-05 0.001959046376411362
0.05852688268356263 9.508992738999822e-05 0.0019670203652351306
0.05989672134021587 9.778975128600897e-05 0.0019746924840766456
0.06129862146775603 0.00010056339656529947 0.0019823174667068506
0.06273333347420412 0.00010341296023187217 0.001989949579609111
0.06420162533109855 0.00010634043183363099 0.0019976446645573777
0.06570428298457386 0.00010934793743732858 0.002005195703526429
0.06724211077606207 0.00011243732664534046 0.002012686073955852
0.0688159318728395 0.00011561087591409923 0.00202018944325728
0.07042658870865123 0.00011887078180760252 0.002027760656965408
0.07207494343464833 0.00012221942017843948 0.0020351468763664697
0.07376187838087955 0.00012565860152706653 0.0020423017312619805
0.0754882965285842 0.00012919078953568247 0.002049603763023033
0.07725512199353927 0.00013281864086438984 0.0020570723235523326
0.07906330052071946 0.00013654485755867294 0.00206431382960334
0.08091379999053473 0.0001403711776129594 0.0020711342549799075
0.08280761093691669 0.000144300173228728 0.0020781478265009786
0.0847457470775307 0.00014833479213069225 0.002085282784253211
0.08672924585639806 0.00015247803306212338 0.002092325803312126
0.08875916899921808 0.00015673211306680248 0.0020990442196151668
0.0908366030816881 0.00016109988803920204 0.0021058558424348877
0.09296266011112407 0.00016558409104154413 0.002112450294622819
0.09513847812169614 0.00017018772001451337 0.002119130168142334
0.0973652217835939 0.0001749138084151445 0.0021256953191065415
0.09964408302645045 0.00017976561430755033 0.0021323306358320055
0.10197628167735744 0.00018474612713515587 0.00213871423537576
0.10436306611381327 0.00018985867550946902 0.0021452343048321823
0.10680571393195358 0.0001951062556955583 0.0021512961407590546
0.109305532630422 0.0002004919334483854 0.0021575089907999996
0.11186386031024691 0.0002060193543033981 0.002163559426157742
0.11448206639109923 0.00021169218055436503 0.0021697423065568868
0.11716155234431426 0.00021751385918609314 0.0021755325661333945
0.11990375244307021 0.0002234876453028654 0.0021813890668662007
0.12271013453012482 0.00022961755150491806 0.0021871016997218697
0.12558220080352114 0.00023590745422617356 0.002192927928201747
0.1285214886206832 0.00024236124396303824 0.002198364669051511
0.13152957132133036 0.000248982212634621 0.0022037842037891564
0.1346080590696551 0.00025577477828873956 0.0022090759419867113
0.13775859971620935 0.00026274287281648933 0.0022143681345536343
0.1409828796799649 0.00026989104680055136 0.002219538741596969
0.14428262485101853 0.00027722349545357785 0.00222474143206343
0.14765960151442503 0.00028474492162091996 0.0022296981372154417
0.15111561729565304 0.00029245909491245226 0.0022345589397397667
0.15465252212816924 0.00030037102146325675 0.0022392862942838287
0.1582722092436695 0.0003084847980631662 0.002243900569350975
0.1619766161854863 0.00031680563473267926 0.0022484256430679544
0.16576772584571564 0.0003253379685309358 0.0022528683925288917
0.1696475675266178 0.00033408725532591775 0.002257157575016715
0.1736182180268608 0.00034305751823936225 0.0022611661518848946
0.17768180275318793 0.00035225429069979505 0.0022652163597965346
0.18184049685810239 0.0003616828257748173 0.0022692044169214816
0.1860965264041834 0.00037134910506374133 0.0022730926508310032
0.19045216955564986 0.00038125758934457756 0.0022766618152523514
0.19490975779781464 0.0003914142070585166 0.0022802628869518374
0.19947167718508027 0.00040182415074411154 0.0022835951795026695
0.20414036961814436 0.0004124935926815124 0.002286965910476531
0.2089183341510982 0.0004234280279665054 0.0022900853391017136
0.2138081283291187 0.000434634103359299 0.0022932421507873067
0.21881236955746894 0.0004461166398251653 0.00229625007614588
0.22393373650254111 0.000457888116745158 0.0022995272201301975
0.22917497052569083 0.00046993260527527055 0.002295018916076067
0.234538877150631 0.0004822234051792365 0.002290315447071887
0.24002832756517034 0.0004948189889314102 0.0023013751974581315
0.24564626015810065 0.0005086530634932471 0.0024831592960618378
0.2513956820920558 0.0005213142985905309 0.0017683596100572696
0.25727967091318127 0.0005300653895160981 0.0012973672193418756
0.263301376198484 0.0005373215274538347 0.001163378358634261
0.2694640212417331 0.0005441588441546076 0.0010456836717646298
0.275770904778823 0.0005505253622805315 0.0009888857795208586
0.28222540275351804 0.0005567739582851817 0.0009413735761323909
0.2888309701245251 0.0005628696636997747 0.0009093633247474758
0.2955911427148611 0.0005689329500479333 0.0008819970143515595
0.3025095391045058 0.0005749551925197465 0.0008612359072971702
0.3095898625673525 0.0005809933922920279 0.0008430390058681146
0.3168359030534936 0.0005870456061497397 0.0008288856327670045
0.3242515392179019 0.000593151810273229 0.0008169798924412316
0.3318407404965947 0.0005993103885143114 0.0008068398508948119
0.3396075692313897 0.0006055455504641197 0.0007980725175017131
0.34755618284439344 0.000611857547681319 0.0007908227695730635
0.35569083606338 0.0006182697381439162 0.0007851381701409351
0.3640158831992625 0.0006247830197448067 0.0007800748120508017
0.3725357804768628 0.000631414384823267 0.0007762235057147797
0.3812550884202366 0.0006381657492191888 0.0007727302301180723
0.390178474293827 0.0006450514533560428 0.0007702992355673092
0.3993107146007548 0.0006520743512754125 0.000768013957942061
0.4086566976395809 0.0006592465490212456 0.0007665935055218777
0.41822142612091123 0.0006665713702768546 0.0007653044707236611
0.4280100198452438 0.0006740621415820206 0.0007650872364600197
0.43802771844349153 0.0006817239806375566 0.000764756479674794
0.4482798841816478 0.0006895671377205157 0.000765234532050763
0.4587720048310963 0.0006975971866989969 0.0007655976124825557
0.46950969660610076 0.0007058239132116873 0.0007666908708384182
0.48049870717004795 0.0007142534917461149 0.0007676415347763247
0.4917449187120536 0.0007228962849108058 0.0007694305502558781
0.5032543510955719 0.0007317606576181928 0.0007710151674868403
0.5150331650807095 0.0007408542473260549 0.0007730876043899987
0.5270876656219483 0.0007501841753291058 0.0007749828804417412
0.5394243052430577 0.0007597604197852799 0.0007776236455792818
0.5520496874909966 0.0007695935743094782 0.0007800936381878614
0.5649705704706549 0.0007796908431182533 0.0007828910482414547
0.5781938704623268 0.0007900602420313779 0.0007855267707950563
0.5917266656238517 0.0008007124489994358 0.0007888715299977194
0.6055761997794052 0.0008116619636611294 0.0007922722580318119
0.619749886296968 0.0008229149512595285 0.0007955780388987487
0.6342553120565475 0.0008344775598859635 0.0007987032120969545
0.649100241511277 0.0008463620303567894 0.0008025791342847422
0.6642926208435667 0.0008585871403588188 0.0008066943312751364
0.6798405822185294 0.0008711602393200297 0.0008106007479735095
0.6957524481369618 0.000884088861716361 0.0008144307808947782
0.7120367358901998 0.0008973841918496387 0.0008185047103147232
0.7287021621192568 0.0009110593267891161 0.0008225710953153893
0.7457576474806545 0.0009251258089897068 0.000827010165332679
0.7632123214214672 0.0009396033170819501 0.0008318046257210501
0.7810755270661239 0.000954503142547199 0.0008363514398566973
0.7993568262175902 0.0009698327566622967 0.0008407195523154295
0.8180660044756016 0.0009856049441060838 0.0008453593843684024
0.8372130764746928 0.0010018379070236428 0.0008502005107418068
0.8568082912448229 0.0010185453728851596 0.000855066607819387
0.8768621376974683 0.0010357429454726367 0.0008600594652402617
0.8973853502401199 0.0010534455336682386 0.0008650482533264047
0.9183889145221872 0.001071667056941424 0.0008700112486368762
0.9398840733153894 0.001090422475766313 0.0008750886454723563
0.9618823325317791 0.0011097309565214603 0.0008803676264847429
0.9843954673826101 0.0011296102858909319 0.0008856172913661715
1.0074355286813754 0.0011500747497742358 0.0008907768640988
1.0310148492943494 0.001171140588703885 0.0008960412818730852
1.0551460507421169 0.0011928288946263237 0.0009015045612697078
1.0798420499556114 0.0012151604785266398 0.0009069653893078732
1.1051160661902795 0.0012381506011594852 0.0009122545422488306
1.1309816281020735 0.0012618158229414323 0.0009176382755916954
1.1574525809890612 0.0012861815265931607 0.0009233369184097988
1.1845430942025246 0.0013112740959720223 0.0009290762050977309
1.2122676687315208 0.001337107637778404 0.0009344189068970889
1.2406411449649597 0.0013636966121384373 0.000939832773049192
1.2696787106353562 0.0013910703827238948 0.0009456112988696037
1.299395908948507 0.0014192601230405381 0.0009515077907808738
1.3298086469034476 0.0014482831217599657 0.0009570094825230308
1.3609332038071393 0.0014781559740634446 0.0009625691434737308
1.3927862399884348 0.0015089060785987098 0.0009681556625517729
1.4253848057160214 0.0015405579709676478 0.0009737612949620882
1.4587463503250655 0.0015731400366773276 0.000979513283717608
1.4928887315574817 0.0016066845003983167 0.0009854288806189638
1.5278302251208116 0.0016412165849373312 0.0009910550876647784
1.563589534470829 0.0016767554271015128 0.0009966457789548524
1.6001858008231138 0.001713332373675348 0.0010022659446480007
1.6376386133989447 0.001750975957974893 0.0010079243738851155
1.675968019911004 0.0017897178262410414 0.0010135620897232574
1.7151945372945012 0.0018295878282793448 0.0010192646947509679
1.7553391626894626 0.0018706190640732315 0.0010248387877252595
1.7964233846800635 0.001912836020381996 0.0010303328628558793
1.8384691947970222 0.0019562740707729344 0.0010358521491693983
1.8814990992892089 0.002000964986757901 0.001041367482007327
1.9255361311707768 0.0020469457905318085 0.0010468650767164486
1.9706038625502416 0.002094248303423922 0.0010523362136023928
2.016726417248164 0.002142911601105274 0.0010577774028709015
2.0639284837101144 0.0021929661011373426 0.0010631025672954038
2.1122353282218906 0.002244451860321078 0.0010684637996739906
2.1616728084340324 0.0022974045175798105 0.0010737707689596342
2.2122673872028886 0.0023518673060991895 0.0010790661590917663
2.264046146755631 0.0024078713054877837 0.0010841491291262622
2.3170368031868116 0.002465459090598975 0.0010892949691392745
2.371267721294209 0.002524666941547429 0.0010942485876894855
2.426767929761917 0.0025855390856682242 0.0010992739795104946
2.483567136698798 0.0026481143995505853 0.001104086346395137
2.5416957455406126 0.0027124369946007407 0.0011089899795926569
2.6011848713243517 0.002778553522890292 0.0011138111488939683
2.6620663573434715 0.002846516307614398 0.001118724256153202
2.724372792192928 0.0029163621496190307 0.0011232026774362532
2.7881375272132045 0.0029881332098025824 0.001127851096693193
2.8533946943425734 0.0030618775055609006 0.001132192021259522
2.9201792243872164 0.00313763982338023 0.0011366360395805837
2.9885268657189616 0.003215474461048974 0.001140928592589752
3.058474203410643 0.003295436205459876 0.0011453597633869423
3.13005867881933 0.003377572523590284 0.0011493480696560812
3.2033186096279103 0.0034619221029515436 0.0011534055271792583
3.2782932103557463 0.0035485433051964895 0.0011571992166765593
3.3550226133493957 0.0036374781770450995 0.0011609675807562213
3.433547890264623 0.0037287925651500993 0.0011647402370319096
3.513911074051201 0.0038225532991312747 0.001168681387024717
3.5961551814522794 0.003918816314959418 0.0011720952403249903
3.6803242360303505 0.004017601266736239 0.0011752723684713357
3.766463291732159 0.004118982852115246 0.0011786320103001425
3.8546184570051105 0.004223041788949984 0.001182202513409278
3.9448369194782127 0.004329843657810397 0.001185289451422424
4.037166971220603 0.004439405764762497 0.0011880582868620333
4.131658034591296 0.004551803156928125 0.001190915257873073
4.228360688693948 0.004667105442749792 0.0011938041366799474
4.327326696450801 0.004785389004782244 0.0011964989961471316
4.4286090323102965 0.00490669552532101 0.0011989541844563735
4.532261910603199 0.005031101791086565 0.00120145112280853
4.6383408145624045 0.005158679520482003 0.0012039357096536067
4.746902526021957 0.005289513209851019 0.0012062871168993612
4.858005155811191 0.005423646484675083 0.0012083194272659397
4.971708174860245 0.005561157486314748 0.001210419176715595
5.088072446033622 0.005702122612822995 0.0012124336224808327
5.20716025670881 0.005846630750365957 0.0012144197429163673
5.329035352117438 0.0059947432944408375 0.0012161563934152007
5.453762969466727 0.006146546196070977 0.0012179306650444682
5.58140987285968 0.006302106513321959 0.0012193835850323178
5.712044389032477 0.006461499799595968 0.0012209229167635444
5.845736443928362 0.006624837342956514 0.0012225914751879659
5.982557600127557 0.006792231899256842 0.0012242546619001572
6.122581095153219 0.006963752273489869 0.0012255714083889903
6.265881880673967 0.0071394820295832785 0.0012269891066589496
6.412536662623953 0.007319517269687378 0.0012281944509785882
6.562623942261955 0.007503939885169761 0.0012293811165387648
6.7162240581914725 0.007692881242190738 0.001230830704896674
6.873419229364309 0.007886477523181178 0.0012322794831258726
7.034293599090672 0.008084833147776214 0.0012336775305038141
7.198933280079338 0.008288057889591145 0.0012350503612066678
7.367426400532011 0.008496278975889102 0.0012365317167351453
7.539863151316464 0.008709626686084486 0.0012379671061450157
7.716335834243917 0.008928236871323917 0.0012396274978828208
7.896938911476228 0.009152270089041774 0.0012412847730933956
8.081769056089541 0.009381864173004855 0.0012431384640452254
8.270925203821369 0.009617183727385304 0.0012449038284212185
8.464508606028849 0.009858385998702214 0.001247193612564412
8.66262288388648 0.010105733680062156 0.0012497159329041658
8.865374083852394 0.01035937430355836 0.001252320872519148
9.07287073443282 0.01061950217869799 0.0012548661680615637
9.285223904275137 0.010886287238824252 0.001257943238611291
9.502547261620615 0.011160056856194183 0.00126133697634657
9.724957135148667 0.011440988433574977 0.0012650720720831954
9.952572576245169 0.011729430594374566 0.0012691914541094695
10.1855154227282 0.012025577717457525 0.0012736528919400076
10.423910364065293 0.01232983371926044 0.0012786444558712461
10.667885008117114 0.012642412636087204 0.0012839817601428887
10.917569949443308 0.012963809118601118 0.0012902190956575004
11.173098839207043 0.013294282994645286 0.0012965859141154934
11.434608456715713 0.013634327936650351 0.0013038137202789468
11.70223878263605 0.013984219923578855 0.001311241061408032
11.976133073922874 0.014344604571810932 0.0013201466990534585
12.256437940501618 0.014715842251587329 0.0013290131505392295
12.54330342374537 0.015098636996206144 0.0013397601337062465
12.8368830767892 0.015493461083175805 0.001350268781830515
13.137334046723776 0.015900997751398593 0.001362588871202952
13.444817158712981 0.016321752848784395 0.0013745933250987625
13.759497002080279 0.01675657725083074 0.001389267513748156
14.081542018409971 0.017206168551710855 0.0014033047527903751
14.411124591710466 0.01767144078153754 0.0014205906665304972
14.74842114068787 0.01815334241011282 0.001437202838783394
15.093612213179249 0.018652736433588217 0.0014566531053808423
15.446882582796135 0.01917064683433433 0.00147567887711502
15.808421347830011 0.019708091704846276 0.0014979338652569695
16.17842203247269 0.020266429020185925 0.001520120867822428
16.557082690405792 0.020846708240273275 0.0015452894590375168
16.94460601081479 0.02145048447254101 0.0015706784904564457
17.341199426884288 0.022078956805197437 0.0015992507630223478
17.74707522683272 0.02273406589477301 0.0016285947499143597
18.162450667545816 0.023417106910792903 0.0016607292077839692
18.5875480908697 0.024130232046475034 0.0016940507682519396
19.02259504262586 0.024874927350024344 0.0017299771417454742
19.46782439441171 0.025653579995789145 0.0017674168631500121
19.92347446825191 0.026467927146212045 0.0018075747724722896
20.389789164167198 0.027320771065098687 0.0018498524432245878
20.867018090729005 0.02821413080082308 0.0018946003174150896
21.355416698669746 0.029151057045592437 0.0019418327697219098
21.855246417620275 0.03013393411677096 0.0019914833284339923
22.36677479604776 0.031166105101776996 0.0020439756496411833
22.890275644468797 0.03225038897757469 0.0020988751896413114
23.426029182014506 0.033390410182679936 0.0021568493230368804
23.97432218642611 0.034589481111080664 0.002217359362163939
24.535448147560707 0.035851573027271245 0.0022811519749040923
25.10970742449088 0.03718055731769154 0.0023477084637259288
25.69740740628028 0.0385808347009794 0.002417849280598281
26.298862676522724 0.04005697358142079 0.0024909070893081764
26.914395181732225 0.041613546882856844 0.0025670765935226904
27.5443344036743 0.04325569278599243 0.0026467736881101707
28.1890175357307 0.0449886392588316 0.002729776035098696
28.84878966339204 0.046818352579751574 0.002816757615066879
29.524003948974883 0.048750389947986666 0.0029063048981413583
30.215021820662198 0.050791302739276775 0.0030006498413346107
30.92221316596835 0.052947442997519294 0.0030972773292241252
31.645956529732224 0.055226131672156904 0.0031995403639494316
32.386639316744386 0.05763447755443404 0.0033033614485640027
33.14465799911685 0.06018039702148483 0.003413762429796407
33.92041832850635 0.06287205633484355 0.00352541434527549
34.71433555330477 0.0657180141720761 0.003644062385531776
35.52683464091301 0.06872760390447778 0.003763807031073534
36.35835050521715 0.07190982834742446 0.003890683560918628
37.2093282393889 0.07527555991968911 0.004019197275271261
38.08022335413468 0.07883462621405608 0.004154970926789533
38.97150202152103 0.08259947720548841 0.004292770531741896
39.883641324506875 0.08658070110674838 0.004437855333962826
40.8171295123161 0.09079254067019299 0.004585480993875421
41.77246626178722 0.09524630110974036 0.004740053556287049
42.750162944840014 0.09995836274768692 0.00489862285254457
43.7507429022023 0.10494185223533586 0.005064379499773413
44.77474172354335 0.11021529181142638 0.0052348462541009656
45.82270753416391 0.11579313676734905 0.005412295422261395
46.89520128839631 0.12169641682764255 0.005595795826359953
47.992797069871834 0.12794172920978913 0.00578639877485263
49.11608239881501 0.1345528461941528 0.005984227202873803
50.265658546532144 0.14154866802066993 0.006189314188393955
51.442140857258565 0.1489560918775053 0.006402653511956287
52.64615907753983 0.15679611862653958 0.006623264733605846
53.87835769332197 0.16509927730165502 0.006852695909164675
55.13939627493143 0.17388684811694005 0.007087563741943764
56.42994983012933 0.18319286851919003 0.007332489198933915
57.75070916542917 0.19303846367979283 0.007580507006338989
59.102381255871144 0.20346199517626612 0.007838997488827418
60.48568962345122 0.2144779934684953 0.008097274945545942
61.901374724407454 0.22613991153194843 0.008362128989792586
63.350194345570806 0.23839060904951795 0.008521542611696997
64.8329240099927 0.25113599084999844 0.008717038748905167
66.3503573920664 0.2646973662771129 0.009183527565994276
67.90330674236448 0.27925993278133027 0.009610164910080335
69.4926033224196 0.29504025405479145 0.010290422643585392
71.1190978496816 0.3124859502374759 0.011089750200676976
72.78366095288885 0.3313180583590183 0.011462217612375439
74.48718363809776 0.3512061467581708 0.011903984879447136
76.2305777656198 0.3723681722489428 0.012372431874336403
78.01477653812138 0.3948874650351989 0.012873204308017711
79.84073500014787 0.41886325300406657 0.013387606437196784
81.70943054933909 0.44438887018807754 0.013935801749228777
83.62186345960995 0.4715816984664448 0.014502137990328585
85.57905741657639 0.5005488886375196 0.015104377055917773
87.58206006551292 0.5314284750698267 0.01572899560922905
89.63194357213541 0.5643426116441959 0.016391643175979416
91.7298051965092 0.5994536016265656 0.01708160172911302
93.87676788038989 0.6369004536457351 0.017810981400471673
96.07398084830928 0.676874087417985 0.018575429253620778
98.32262022273369 0.7195398895868491 0.019383176445287024
100.6238896536163 0.7651220238158897 0.02023220021541863
102.97902096268643 0.8138116041770054 0.021128498609352953
105.3892748028181 0.8658725750790291 0.022070138048310116
107.85594133283125 0.921507677219525 0.02305428881396423
110.38034090808713 0.9810217990275086 0.024095614958700433
112.96382478724692 1.0446485684533389 0.025172575835540167
115.60777585557254 1.112726823347153 0.02632896042988815
118.31360936515638 1.185603611894418 0.027552257980895344
121.08277369247632 1.26370715273289 0.028856974826470226
123.91675111368166 1.3473873123083409 0.030230698559277888
126.81705859802462 1.4372472558720886 0.03169421673502309
129.78524861986259 1.5332348191094838 0.03296622513244326
132.8229099896654 1.6355686730864816 0.03439540300885444
135.9316687044725 1.7446478547596356 0.03576279841255878
139.1131888182554 1.8605412981253726 0.03716801135958205
142.36917333265131 1.9845457287691213 0.039082457575690184
145.70136510854445 2.1175463376628314 0.040722267894033264
149.1115477989833 2.2593991145668872 0.04249620960173447
152.60154680393308 2.41110638147806 0.04448667224301598
156.17323024737425 2.5740095066004036 0.0467115588814677
159.8285099772708 2.748716466346103 0.04885800462512004
163.56934258894248 2.9355801028133017 0.05115389434724516
167.39773047238972 3.1362249897826024 0.05363599924734008
171.31572288413147 3.351046923005525 0.055992161029313314
175.3254170441296 3.581145028683252 0.05878012122621688
179.42895925838715 3.82789906632611 0.06144492071210169
183.62854606782219 4.0916874603496876 0.06430638106113754
187.92642542402749 4.374546929595573 0.0672757814937866
192.32489789255678 4.67676330376656 0.07024471712592911
196.82631788436683 5.000407640555108 0.07350039519085332
201.4330949160854 5.3461026402517815 0.076615539139707
206.14769489977547 5.715732607747538 0.08012942225721525
210.97264146288668 6.110324982301981 0.08342789881081253
215.91051729910086 6.531661081127707 0.08716443107434298
220.96396555079411 6.981009422306515 0.09068030607892313
226.13569122385616 7.460297148988335 0.09460139689910706
231.4284626356238 7.970787535466521 0.09835992797876418
236.8451128967036 8.514770309891748 0.1024242585069747
242.38854142747726 9.093383423918493 0.10644667007548264
248.06171551010107 9.70931799886077 0.1106184491186161
253.86767187683046 10.36375681444662 0.11492758164967591
259.8095183355196 11.059487919437139 0.1191747324548232
265.89043543316654 11.79826968854083 0.1237817769125461
272.11367815839384 12.58240569170454 0.12829778645471326
278.4825776837764 13.414726159009913 0.13299663039703738
285.00054314894913 14.297207631749862 0.13786207152244662
291.6710634854482 15.23290836401493 0.14270785665924507
298.497709284264 16.224773984222317 0.14780539701555898
305.4841347071041 17.275433180020247 0.15304044451733917
312.6340794423904 18.388408312186627 0.15832826559367127
319.95137070703623 19.567277771617096 0.1638143495121954
327.4399252950765 20.81532051582446 0.16952906043265714
335.1037516742459 22.136581411312424 0.1753600398839253
342.94695213162873 23.535386454960747 0.18132794787180728
350.97372496952755 25.016173537066795 0.18757159590024625
359.18836675272905 26.583566440824164 0.19405912351262583
367.59527460835994 28.242728703279948 0.20073451747672322
376.1989485795864 29.99917814731797 0.20762777988586983
385.0039940343882 31.858775243283254 0.21475215375358478
394.01512413071765 33.827690919509486 0.22218211056666298
403.2371623393555 35.9124946419053 0.22992972080406424
412.6750450258144 38.12017164383465 0.23794458540060628
422.33382409267284 40.45817912675452 0.2462465714029404
432.2186696837539 42.93425742842497 0.25481847074977065
442.33487295159557 45.55680093131816 0.2637457839679089
452.68784888969503 48.33466505338309 0.2729491908545341
463.28313923104207 51.2766247704278 0.28242291171858336
474.1264154144937 54.39218642076703 0.2922952794675257
485.2234816205777 57.69153347595552 0.3023198525197471
496.5802778783496 61.18397173343593 0.3127946598051363
508.2028832449671 64.88117080149178 0.3233944378781927
520.0975190596831 68.7926259627371 0.3343454301099874
532.2705522739993 72.9303584091963 0.3455177434697972
544.7284988597631 77.30495808941754 0.3568248519255877
557.4780272970322 81.92762623312603 0.36838209142746015
570.525962143573 86.81008414873628 0.3800462876492333
583.8792876879052 91.9634576643669 0.39180749561824585
597.5451516878459 97.39912511409399 0.40362338953304877
611.5308691965561 103.12792584858023 0.41555913040985915
625.843926478137 109.16250278082542 0.42751755773866795
640.4919850148711 115.5121709077824 0.4394464410190668
655.4828856082551 122.18860909926131 0.4512832266387718
670.8246525760177 129.20233871375595 0.46298370856257426
686.5254980473704 136.56367268449793 0.47457341260704383
702.5938263587897 144.28217304981362 0.4860863706818783
719.0382385526866 152.36874192425518 0.49737116028212147
735.8675369813546 160.83130062036366 0.5082746637676343
753.0907300187034 169.68061996738035 0.5192095708538143
770.7170368822425 178.92525752668755 0.5296859813289464
788.75589256794 188.57381383726093 0.5399297594451044
807.2169529005799 198.6353858513793 0.5500000094025013
826.1100997023249 209.11847477910524 0.5596607814567047
845.4454460822495 220.03147577155426 0.5690210427583915
865.2333418496789 231.38295830765813 0.5782474898506227
885.4843790542254 243.1817434347253 0.5869873463937227
906.2093976554934 255.4378697053928 0.5955395284108358
927.4194913254844 268.15839300223087 0.6038599421481101
949.1260133868094 281.3550177861425 0.6119332317407707
971.3405828898863 295.03636077478916 0.6197583171277329
994.0750908323765 309.2146991194078 0.627428725495122
1017.3417065241894 323.8985456472228 0.6348042067918762
1041.1528841014601 339.10305606317576 0.6421946202260082
1065.5213691929912 354.83907265772325 0.6492999282765868
1090.460205742722 371.1197406120664 0.6563107299766221
1115.9827429918817 387.9611943697625 0.6633483915689778
1142.10264262456 405.38018088243336 0.6703143661175037
1168.8338860805238 423.39129366895895 0.6772578313796799
1196.1907820391907 442.0138915142117 0.684170085283365
1224.1879740787685 461.26823122083624 0.6911796149462194
1252.8404485146584 481.1733508646258 0.6982591233177791
1282.163542421318 501.75388875098196 0.7053901243275635
1312.172951841879 523.032444504984 0.7127383316179203
1342.884740189913 545.0354657871341 0.7201337795256092
1374.315346847843 567.7905268696984 0.72781421267408
1406.4815959666098 591.3260413413401 0.7355691763679706
1439.4007054712667 615.6737051600315 0.7435905724656106
1473.0902962774117 640.8658630746312 0.7519253757693352
1507.5684017232754 666.9372675949149 0.7604939849279411
1542.8534772225976 693.9258777276227 0.7692771188308601
1578.9644101434267 721.8708446497878 0.7784127067822686
1615.9205299181367 750.8132297030654 0.7878924647261529
1653.7416183900693 780.7965613655037 0.797661678935815
1692.447920402345 811.8671399819789 0.8078622018054975
1732.0601546345065 844.0747253356117 0.8183442877067968
1772.5995246927973 877.471033584203 0.8292714507216549
1814.087730460013 912.1102750420991 0.8405729118656463
1856.5469797109968 948.0488786354197 0.8522514522432549
1900.0 985.3466970637759 0.8644672176123662
