1e-07 7.512493897921706e-13 1.253839313135912e-05
1.023405289908563e-07 7.808179416799157e-13 1.2728819640473475e-05
1.0473583874128298e-07 8.115448813484934e-13 1.2927791268107888e-05
1.071872114108392e-07 8.434952192705456e-13 1.3141489948153563e-05
1.0969595916840032e-07 8.767317197619023e-13 1.335261912147983e-05
1.1226342489453461e-07 9.11275725769622e-13 1.355392081094466e-05
1.1489098290031937e-07 9.471431988040105e-13 1.3744465564308672e-05
1.175800396629811e-07 9.843493844181898e-13 1.3929698116357527e-05
1.2033203457875375e-07 1.0229592744259315e-12 1.413018292926008e-05
1.231484407333567e-07 1.063046839007158e-12 1.4337323973630851e-05
1.260307656905084e-07 1.1046796411282717e-12 1.4551370044143792e-05
1.289805522988929e-07 1.1479288032707635e-12 1.4772580163087048e-05
1.3199937951801506e-07 1.1928803192160786e-12 1.5007096791979927e-05
1.3508886326338464e-07 1.2396024525222182e-12 1.5237001390597656e-05
1.3825065727148236e-07 1.2881358295759292e-12 1.5460992620928115e-05
1.4148645398497078e-07 1.3385194238382078e-12 1.567839719657133e-05
1.4479798545862358e-07 1.3908059095828822e-12 1.590463031238079e-05
1.4818702428645853e-07 1.4451076705017205e-12 1.6139920764696292e-05
1.5165538455057036e-07 1.5014956107878372e-12 1.6374680147510228e-05
1.5520492279217105e-07 1.5600352280427705e-12 1.6608610075798766e-05
1.5883753900535794e-07 1.6207941517195612e-12 1.684445776326368e-05
1.6255517765414102e-07 1.683874937984546e-12 1.7091101745581242e-05
1.6635982871327448e-07 1.7493770292159977e-12 1.7341137395967967e-05
1.7025352873344754e-07 1.8173923547906298e-12 1.7594531332065342e-05
1.7423836193140975e-07 1.88801598341588e-12 1.7851244049806825e-05
1.783164613056075e-07 1.961384684947799e-12 1.813031281065334e-05
1.824900097779343e-07 2.037625327663195e-12 1.8402055801444334e-05
1.8676124136220332e-07 2.1167878373266942e-12 1.866278204063197e-05
1.911324423599688e-07 2.1989167181092666e-12 1.891141073243306e-05
1.9560595258433557e-07 2.28406535159919e-12 1.9159747836288227e-05
2.0018416661241256e-07 2.372386579211227e-12 1.942447542427094e-05
2.0486953506708013e-07 2.4640436600258383e-12 1.9701338256091736e-05
2.0966456592875765e-07 2.5592039032712764e-12 1.9990901632432733e-05
2.1457182587787323e-07 2.6580472392444645e-12 2.0298199426859935e-05
2.1959394166875453e-07 2.760801147815649e-12 2.0618455825627614e-05
2.247336015356758e-07 2.8675633668836766e-12 2.0921917593052466e-05
2.2999355663181375e-07 2.978372863275921e-12 2.120704129528775e-05
2.3537662250188283e-07 3.0932575188797596e-12 2.1472192895219228e-05
2.408856805892383e-07 3.2123056827193953e-12 2.175078741846275e-05
2.465236797782509e-07 3.3357662394726907e-12 2.20462762772278e-05
2.522936379727866e-07 3.4638624608042825e-12 2.2356059299287368e-05
2.581986437116257e-07 3.5968301309253546e-12 2.2680820461479202e-05
2.6424185782169406e-07 3.7349311721538545e-12 2.3027319058861205e-05
2.7042651510998805e-07 3.878428372894982e-12 2.3373263031580018e-05
2.767559260950997e-07 4.027427793132496e-12 2.370449920695981e-05
2.8323347877926835e-07 4.1820085294498704e-12 2.4019603350149964e-05
2.8986264046190795e-07 4.342241592787372e-12 2.4323177736520455e-05
2.9664695959558045e-07 4.508379703237035e-12 2.465359762956237e-05
3.0359006768540875e-07 4.680720540941291e-12 2.4989785418093265e-05
3.1069568123294597e-07 4.85950458328895e-12 2.533178301004375e-05
3.1796760372554155e-07 5.044981421860298e-12 2.567962888555616e-05
3.254097276722696e-07 5.2374441288528965e-12 2.604368682506725e-05
3.3302603668750555e-07 5.437198347565504e-12 2.6408882933130083e-05
3.408206076232763e-07 5.644465277569023e-12 2.6771649863349502e-05
3.487976127515117e-07 5.859465504451719e-12 2.7131410921367803e-05
3.569613219973755e-07 6.0824570270869006e-12 2.750637641909388e-05
3.65316105224868e-07 6.313902167916359e-12 2.7894696400853204e-05
3.738664345759231e-07 6.554040415353108e-12 2.827252888978946e-05
3.8261688686425334e-07 6.803055041745781e-12 2.8638701324191693e-05
3.91572146025223e-07 7.061121318443388e-12 2.8994376625297854e-05
4.0073700562306146e-07 7.328565801032139e-12 2.9369563195700948e-05
4.1011637141675867e-07 7.60585643051655e-12 2.9759190291050638e-05
4.197152639860158e-07 7.89344911430041e-12 3.0163863905397962e-05
4.295388214186575e-07 8.19182510395607e-12 3.0584216908752384e-05
4.395923020609436e-07 8.50158107473373e-12 3.103957344999991e-05
4.4988108733225257e-07 8.82323880156022e-12 3.148031598303785e-05
4.6041068460564346e-07 9.156925418794595e-12 3.1894098436521124e-05
4.7118673015583947e-07 9.502724437211702e-12 3.227852448084242e-05
4.822149921762047e-07 9.860721292583206e-12 3.264926318134059e-05
4.935013738663442e-07 1.0231471316798462e-11 3.305179059402534e-05
5.050519165919601e-07 1.0615688232439785e-11 3.34786678242591e-05
5.168728031186703e-07 1.1014094684481899e-11 3.393117177848178e-05
5.289703609215143e-07 1.1427463547922173e-11 3.441282335039796e-05
5.413510655719195e-07 1.1856694962923314e-11 3.491945490243971e-05
5.540215442039397e-07 1.230221351338585e-11 3.5397616789083735e-05
5.669885790616227e-07 1.2764160697832353e-11 3.584473282306465e-05
5.802591111294041e-07 1.3242631503984348e-11 3.625807607345714e-05
5.938402438474729e-07 1.3737887670968941e-11 3.668380593697268e-05
6.077392469140946e-07 1.4250903036970353e-11 3.7137877349517486e-05
6.219635601769308e-07 1.4782513966460815e-11 3.761020620277487e-05
6.365207976154351e-07 1.533358139299826e-11 3.810158115093058e-05
6.514187514164541e-07 1.5905033257620476e-11 3.861850381840091e-05
6.666653961452302e-07 1.6497856720521936e-11 3.91415843060237e-05
6.822688930140163e-07 1.711260304467343e-11 3.9649816872206134e-05
6.982375942506037e-07 1.774972365635014e-11 4.014157102177144e-05
7.145800475690966e-07 1.8409646316695006e-11 4.061705590806583e-05
7.31305000745326e-07 1.9093354259829828e-11 4.113926976157214e-05
7.484214062993522e-07 1.9801965126673705e-11 4.165692920324132e-05
7.659384262875629e-07 2.053618247790861e-11 4.216913310509785e-05
7.838654372069317e-07 2.1296710437249553e-11 4.2674921620314514e-05
8.022120350140625e-07 2.2084352014807084e-11 4.319081544953422e-05
8.209880402617049e-07 2.2900310329854675e-11 4.372427764030466e-05
8.40203503355493e-07 2.3745742160529565e-11 4.42707596350037e-05
8.598687099337185e-07 2.4621839471219718e-11 4.483059145371862e-05
8.799941863730193e-07 2.552991194679125e-11 4.542237035179701e-05
9.005907054229298e-07 2.64718250957898e-11 4.60330524345843e-05
9.216692919723106e-07 2.744829293670965e-11 4.6608881882836096e-05
9.432412289507444e-07 2.845963145758877e-11 4.714671549348265e-05
9.653180633680459e-07 2.95060627112227e-11 4.764322627078855e-05
9.879116124951474e-07 3.058835171848004e-11 4.816627664574228e-05
1.0110339701896322e-06 3.1708501951460364e-11 4.872685208418937e-05
1.034697513369326e-06 3.286859642355481e-11 4.9326639782035653e-05
1.0589149086374042e-06 3.4070866901041897e-11 4.996779318051443e-05
1.083699119062562e-06 3.5317851782705606e-11 5.066461540230949e-05
1.1090634111178757e-06 3.6611579528009e-11 5.133611816962865e-05
1.1350213617820691e-06 3.795234173410141e-11 5.195498109055006e-05
1.1615868658069904e-06 3.9340173956524925e-11 5.251673485759911e-05
1.188774143155182e-06 4.0775006977829324e-11 5.3037681093346904e-05
1.2165977466115351e-06 4.2258629421156936e-11 5.361148248437771e-05
1.2450725695730824e-06 4.3793882450234747e-11 5.422531690591145e-05
1.27421385402114e-06 4.538356866674902e-11 5.488138121983064e-05
1.304037198680012e-06 4.703068879846036e-11 5.558198337195938e-05
1.334558567366668e-06 4.873850175722019e-11 5.631998327371125e-05
1.3657942975358412e-06 5.050879187178852e-11 5.70208667660729e-05
1.3977611090251296e-06 5.2342249519253934e-11 5.7679280929803645e-05
1.4304761130047772e-06 5.4239410926642716e-11 5.829144359398983e-05
1.4639568211369282e-06 5.6201202041673255e-11 5.8913289496663034e-05
1.4982211549492563e-06 5.823117727962785e-11 5.957542875506269e-05
1.5332874554279858e-06 6.033211264529863e-11 6.025062145128995e-05
1.5691744928354404e-06 6.250668965773541e-11 6.093905735509506e-05
1.6059014767573762e-06 6.475771027162543e-11 6.164422395919037e-05
1.643488066385472e-06 6.708830392162054e-11 6.236512597246167e-05
1.6819543810404875e-06 6.950118922408408e-11 6.308657888880458e-05
1.7213210109417176e-06 7.199894842416547e-11 6.380782261783497e-05
1.761609028228509e-06 7.458420801086019e-11 6.452804267173679e-05
1.8028399982397393e-06 7.726098819429682e-11 6.531477364646974e-05
1.8450359910572934e-06 8.003326170307875e-11 6.607612695016786e-05
1.888219593319726e-06 8.290249288630188e-11 6.679971973673968e-05
1.932413920312403e-06 8.586995566590365e-11 6.74820360211259e-05
1.9776426283406576e-06 8.893702400961385e-11 6.81477337291656e-05
2.023929927392503e-06 9.210780091361349e-11 6.886147723946986e-05
2.071300594097741e-06 9.538773043683632e-11 6.962313205317828e-05
2.1197799849903774e-06 9.878257054351693e-11 7.04352974107417e-05
2.169394050081446e-06 1.0229854699683184e-10 7.13134998032976e-05
2.220169346749514e-06 1.0594293748688786e-10 7.222073963065153e-05
2.2721330539562915e-06 1.0971783732900276e-10 7.305287743287372e-05
2.325312986794967e-06 1.1362319826937176e-10 7.380359309649229e-05
2.3797376113790494e-06 1.1765844708091235e-10 7.446620251941242e-05
2.435436060079692e-06 1.218245359439558e-10 7.51423024956347e-05
2.4924381471196257e-06 1.2612899424034424e-10 7.589493731254721e-05
2.550774384532122e-06 1.3058026381946445e-10 7.672200057885932e-05
2.6104759984934325e-06 1.351874341900859e-10 7.762792487722962e-05
2.6715749460375167e-06 1.3996046215702085e-10 7.861921967171834e-05
2.734103932161978e-06 1.449068713439231e-10 7.957569929848947e-05
2.798096427334371e-06 1.50027662620675e-10 8.045019975579738e-05
2.863586685408246e-06 1.5532269695471244e-10 8.123585969894276e-05
2.930609761958527e-06 1.6079122181272596e-10 8.194308373035686e-05
2.999201533046031e-06 1.6643859536882073e-10 8.272815963933334e-05
3.06939871442118e-06 1.722749911029291e-10 8.35628674589179e-05
3.1412388811771777e-06 1.7830982363638787e-10 8.444984911859956e-05
3.2147604878631796e-06 1.8455312948077626e-10 8.539187848667767e-05
3.2900028890682103e-06 1.910152934603899e-10 8.637161298292229e-05
3.3670063604868617e-06 1.977032077113559e-10 8.732340715900403e-05
3.445812120478032e-06 2.0462130261022807e-10 8.824028082935688e-05
3.5264623521282605e-06 2.1177373165153098e-10 8.911870788690313e-05
3.609000225831455e-06 2.1916548345467124e-10 9.001485457240573e-05
3.693469922397117e-06 2.2680907177364293e-10 9.095708665039605e-05
3.779916656699379e-06 2.3471228936193756e-10 9.18822700417195e-05
3.868386701879634e-06 2.4288149516120854e-10 9.278815391391696e-05
3.9589274141155565e-06 2.5132296207677255e-10 9.367367052269361e-05
4.0515872579698884e-06 2.600446784166108e-10 9.458215792203585e-05
4.1464158323325134e-06 2.690587067143391e-10 9.553356320095898e-05
4.243463896969711e-06 2.7837821566258473e-10 9.652991638559104e-05
4.342783399694807e-06 2.8801713641349436e-10 9.757334358241737e-05
4.444427504174759e-06 2.979925341969556e-10 9.871190113789607e-05
4.54845061838756e-06 3.0831804281917223e-10 9.979204486017659e-05
4.654908423745703e-06 3.1899519048353413e-10 0.00010077691838106198
4.763857904901293e-06 3.3002397148556175e-10 0.00010165858275972548
4.875357380248707e-06 3.4140376000137573e-10 0.00010246610778200295
4.98946653314128e-06 3.5314639088782935e-10 0.0001033610249307469
5.106246443838524e-06 3.65274318379686e-10 0.00010435844056085235
5.225759622201133e-06 3.7781176804050765e-10 0.00010546461588269134
5.348070041151213e-06 3.907849890647504e-10 0.00010669030510347525
5.473243170915657e-06 4.0422097292941263e-10 0.00010796371575200287
5.601346014071e-06 4.181268381769763e-10 0.00010911545536834205
5.7324471414085055e-06 4.325006153612604e-10 0.00011013550256762384
5.8666167286386844e-06 4.473382138895407e-10 0.00011101326167958215
6.003926593954898e-06 4.626391088006318e-10 0.00011187848183413471
6.144450236476143e-06 4.784286269131398e-10 0.00011285807823179746
6.288262875589606e-06 4.94735794382196e-10 0.00011393857685068161
6.435441491214034e-06 5.115914871724678e-10 0.00011512603208232707
6.586064865005493e-06 5.290289298254447e-10 0.00011641849592564745
6.740213622527547e-06 5.470732909531744e-10 0.00011767936421689523
6.8979702764084495e-06 5.657323025565576e-10 0.00011885577430356443
7.0594192705084395e-06 5.850106242961542e-10 0.00011994035201972158
7.2246470251208e-06 6.049112200086151e-10 0.00012092942690453334
7.393741983230789e-06 6.254525864156315e-10 0.00012202699520979454
7.566794657857419e-06 6.466668048312735e-10 0.00012314926804659284
7.743897680503136e-06 6.685785414841728e-10 0.00012429677701334053
7.92514585073756e-06 6.912134494366802e-10 0.00012547006394289682
8.110636186941718e-06 7.145976069999723e-10 0.00012665930940634697
8.300467978239971e-06 7.387558156720005e-10 0.00012786088095002607
8.49474283764742e-06 7.637143792426898e-10 0.00012907769211788084
8.693564756461246e-06 7.895005339762792e-10 0.00013030948945565778
8.897040159925088e-06 8.161439700408831e-10 0.0001316014831430579
9.105277964196262e-06 8.436894271553182e-10 0.0001329375159111316
9.318389634646344e-06 8.721553660665472e-10 0.000134188652806474
9.53648924552619e-06 9.015504576529819e-10 0.00013534740537707229
9.759693541027623e-06 9.318811021920824e-10 0.0001364058493622204
9.988121997774104e-06 9.631609135614988e-10 0.0001374787734635087
1.0221896888774101e-05 9.954372715248678e-10 0.0001386686111504504
1.0461143348871297e-05 1.0287684471860344e-09 0.000139982197222941
1.0705989441726664e-05 1.063217341595479e-09 0.0001414269697119418
1.0956566228368292e-05 1.0988539962485837e-09 0.00014301758368846898
1.1213007837345621e-05 1.1357252184863875e-09 0.00014451011589756253
1.1475451536525683e-05 1.1738292809017966e-09 0.0001458346106676299
1.1744037806569732e-05 1.2131567533704121e-09 0.00014697752267395158
1.201891041612962e-05 1.2536936114519518e-09 0.0001479658602556293
1.230021649880418e-05 1.2954709387449198e-09 0.000149078687138491
1.258810663189678e-05 1.3385684420248934e-09 0.0001503452796435914
1.2882734917016228e-05 1.383071751683455e-09 0.00015177528529355128
1.318425906256416e-05 1.4290738626296774e-09 0.0001533788638656967
1.3492840468153072e-05 1.4766657481055059e-09 0.00015504965907624607
1.3808644311000185e-05 1.5258772170426983e-09 0.00015657773393868506
1.4131839634343373e-05 1.5767091953120777e-09 0.00015794860519578212
1.44625994379265e-05 1.6291564765137991e-09 0.00015914945476794428
1.480110077060262e-05 1.6832199518219572e-09 0.00016031193163089133
1.5147524825104427e-05 1.7389785244284855e-09 0.00016160765173088478
1.550205703503315e-05 1.7965180668841124e-09 0.00016299721728717668
1.586488717411718e-05 1.8559263924477863e-09 0.00016448583292553
1.6236209457794034e-05 1.9172968565516483e-09 0.00016606883105990268
1.6616222647169854e-05 1.9807053235655816e-09 0.00016763525136527833
1.7005130155412094e-05 2.0461984916627694e-09 0.00016915690111313992
1.740314015663236e-05 2.1138204219892853e-09 0.00017062887589631168
1.7810465697317732e-05 2.1836135984534952e-09 0.000172045973879064
1.822732481036997e-05 2.2556527661273214e-09 0.00017358855335273334
1.865394063181422e-05 2.3300358153271375e-09 0.0001751103254608286
1.9090541520238954e-05 2.4068142124190486e-09 0.00017658558981130672
1.9537361179031605e-05 2.486037451370821e-09 0.0001780093685560287
1.9994638781475142e-05 2.567753395943781e-09 0.00017938616965060234
2.046261909877256e-05 2.6520394895639256e-09 0.00018083805318183755
2.094155263106783e-05 2.7390196683561732e-09 0.00018239903803619483
2.1431695741533404e-05 2.828828837716916e-09 0.0001840752353033824
2.1933310793596105e-05 2.921612535295168e-09 0.00018589861975591162
2.2446666291374834e-05 3.0175354946955254e-09 0.00018777472295854804
2.2972037023405232e-05 3.1166418972263595e-09 0.00018946899911246573
2.3509704209728272e-05 3.2189264557868512e-09 0.0001909665019252548
2.4059955652421524e-05 3.3243710514850205e-09 0.00019225142899368183
2.4623085889653616e-05 3.4329800461656645e-09 0.00019351243616158142
2.5199396353344406e-05 3.544917072307065e-09 0.00019497701198981852
2.5789195530515217e-05 3.6603999248639506e-09 0.000196653529982387
2.639279912841554e-05 3.779665212191656e-09 0.00019855536455648895
2.7010530243514573e-05 3.902969204156032e-09 0.00020067104371841016
2.764271953444804e-05 4.030475237359517e-09 0.00020266438558715338
2.828970539901289e-05 4.162182873699928e-09 0.00020443191579658465
2.8951834155304625e-05 4.298063438406393e-09 0.00020595544558985263
2.9629460227094224e-05 4.438069774615931e-09 0.00020724602250355638
3.03229463335436e-05 4.582283684560586e-09 0.00020868688271855298
3.103266368336199e-05 4.730957600694751e-09 0.00021030364094709188
3.1758992173506e-05 4.884352978480546e-09 0.00021210714727697762
3.2502320592530694e-05 5.0427524282513386e-09 0.0002141088246162981
3.326304682869993e-05 5.206433170262335e-09 0.0002161921891932887
3.404157808296776e-05 5.37551952954251e-09 0.00021815105012505876
3.483833108694467e-05 5.550070056529952e-09 0.00021997277546924454
3.5653732325965114e-05 5.730131270051437e-09 0.00022164548973385923
3.6488218267376626e-05 5.915758837752294e-09 0.00022328355015624555
3.73422355941715e-05 6.107202888411812e-09 0.00022505291465043273
3.821624144408694e-05 6.304689145057998e-09 0.00022685647460960446
3.9110703654301435e-05 6.508426365153778e-09 0.00022869468860191587
4.0026101011858253e-05 6.71863061202724e-09 0.00023056200014284132
4.096292350995022e-05 6.935496698333232e-09 0.0002324213017228019
4.192167261020289e-05 7.159245220344394e-09 0.00023433075744663947
4.2902861511096555e-05 7.390129487580743e-09 0.0002362918554877383
4.3907015422670694e-05 7.628413584987512e-09 0.00023830613373540573
4.493467184765805e-05 7.874423352849904e-09 0.0002404852415011318
4.598638086919862e-05 8.128460747409957e-09 0.00024257539117976526
4.706270544528781e-05 8.39060777756963e-09 0.0002445043913908098
4.8164221710116075e-05 8.66091987288767e-09 0.00024625852180654634
4.929151928246164e-05 8.939436129302807e-09 0.00024785933235646436
5.044520158130118e-05 9.22637538842094e-09 0.00024960153484762204
5.162588614880743e-05 9.522216589075034e-09 0.00025156371116331916
5.2834204980906736e-05 9.827493245967731e-09 0.0002537594963389631
5.4070804865573294e-05 1.0142782952023199e-08 0.00025620999271509776
5.5336347729041376e-05 1.0468670109433408e-08 0.00025875252030549997
5.663151099012063e-05 1.0805304343606984e-08 0.00026102477618386235
5.7956987922804495e-05 1.115263750506252e-08 0.0002630048166988521
5.931348802736482e-05 1.1510573967116012e-08 0.0002646694449647817
6.070173741013337e-05 1.1879063702720152e-08 0.000266243814520721
6.2122479172171e-05 1.225861165924327e-08 0.0002680883810984466
6.357647380703433e-05 1.2649920941573633e-08 0.0002702041588084047
6.506449960785212e-05 1.3053750450667976e-08 0.00027260829496219164
6.658735308392948e-05 1.3470918365644887e-08 0.0002752842613147276
6.814584938710283e-05 1.3901982952604795e-08 0.000277847768498369
6.974082274807324e-05 1.4347036866657524e-08 0.0002801725174572982
7.137312692295359e-05 1.48060930695354e-08 0.0002822387712958779
7.304363565026598e-05 1.52791140978712e-08 0.0002840291734864633
7.47532431186359e-05 1.5766363492526614e-08 0.0002859995039801884
7.650286444543286e-05 1.6268588356727353e-08 0.0002881122264443388
7.829343616661371e-05 1.678648477965185e-08 0.0002903752330715607
8.012591673803087e-05 1.73207941911438e-08 0.0002927968167025765
8.200128704847386e-05 1.787225273666396e-08 0.00029528395361827216
8.392055094471868e-05 1.8441327518137367e-08 0.00029771274068133863
8.588473576886614e-05 1.902844581200235e-08 0.00030009344661435127
8.789489290825678e-05 1.963403776398938e-08 0.0003024199768628092
8.995209835825662e-05 2.0258558572719224e-08 0.00030477749504200413
9.205745329821518e-05 2.0902858478795346e-08 0.0003072570464539984
9.42120846809039e-05 2.1567486141468965e-08 0.0003096474900745156
9.641714583575055e-05 2.2252833750535116e-08 0.00031193977188255257
9.867381708619248e-05 2.2959274847006784e-08 0.0003141242959316394
0.00010098330638147942 2.3687208673765276e-08 0.00031628171996431073
0.00010334684994326319 2.4437500334980715e-08 0.00031862925658323764
0.00010576571292732201 2.521127562143875e-08 0.00032118005351181603
0.00010824119010077183 2.6009740481995555e-08 0.00032394589210106334
0.00011077460653512827 2.6834240564391897e-08 0.0003269742277235113
0.00011336731831559005 2.768577945226235e-08 0.000329836743897399
0.00011602071326692277 2.8564440275084516e-08 0.00033239191676574705
0.00011873621169633335 2.947015790275686e-08 0.00033461482466782486
0.00012151526715373054 3.040277235895593e-08 0.0003365262116877481
0.00012435936720978007 3.136281737600013e-08 0.000338633843233197
0.00012727003425217043 3.2351957597264524e-08 0.00034108069238573995
0.0001302488263005152 3.33720716414049e-08 0.0003438884272543285
0.00013329733784032895 3.4425202341474825e-08 0.0003470798732617102
0.00013641720067652152 3.5513350187475424e-08 0.0003504206392434752
0.0001396100848068701 3.663711646536503e-08 0.00035342797282101744
0.00014287769931593396 3.7796415284920105e-08 0.00035606696115335107
0.00014622179328989187 3.899101366469739e-08 0.00035830820533723306
0.00014964415675279176 4.022073800416671e-08 0.00036038586158693397
0.0001531466216247133 4.1487100604060856e-08 0.00036277687640905707
0.0001567310627023567 4.279217381486374e-08 0.0003654489114910049
0.00016039939866258266 4.413813832059922e-08 0.0003684192025709777
0.0001641535930894396 4.5527336489889435e-08 0.0003716769822280074
0.0001679956555252302 4.6961527781754234e-08 0.0003748547957760163
0.00017192764254617729 4.844142056278366e-08 0.0003778468537975838
0.00017595165886326634 4.99675876565493e-08 0.000380636489143137
0.00018006985844885366 5.154051475559331e-08 0.0003832060611325682
0.00018428444568964296 5.316128259964754e-08 0.00038594915008236425
0.00018859767656664807 5.4832072337372555e-08 0.00038877443030946004
0.00019301185986277187 5.655452847000474e-08 0.00039164018932736424
0.00019752935839865095 5.8330336540355955e-08 0.0003945461599196306
0.00020215259029742383 6.016116799205359e-08 0.0003974394993469658
0.00020688403027910196 6.204855505459421e-08 0.0004003732182415018
0.00021172621098523625 6.399457985586993e-08 0.0004034135006233393
0.00021668172433458727 6.600149200739735e-08 0.00040656463547476254
0.00022175322291052583 6.807167286893685e-08 0.0004098821482551359
0.00022694342138090487 7.020817099986289e-08 0.0004133447716749005
0.00023225509795116612 7.241238249037897e-08 0.0004165471214635838
0.00023769109585145484 7.468483164838435e-08 0.0004194669416027626
0.00024325432485854218 7.702586833072909e-08 0.0004220806896531752
0.0002489477628533681 7.943603339652688e-08 0.0004246053136192038
0.00025477445741503937 8.191828125542692e-08 0.0004274693809781148
0.00026073752745213517 8.447679895582394e-08 0.0004307025002203137
0.0002668401648721946 8.711611879590175e-08 0.0004343276121765636
0.000273085636290277 8.984116202438364e-08 0.00043834914685271845
0.0002794772847775153 9.26553959112231e-08 0.0004421646639554233
0.0002860185316505911 9.555906664484731e-08 0.00044555143432957375
0.0002927128783030946 9.855183389572724e-08 0.00044847488902049966
0.00029956390807974847 1.0163299328635826e-07 0.0004509333287443824
0.0003065752881944971 1.0480387254222147e-07 0.00045361538072106154
0.00031375077169349086 1.0806962453571575e-07 0.000456693639939286
0.0003210941994640123 1.1143595438877767e-07 0.00046019317059537286
0.0003286095022904255 1.1490904591120933e-07 0.00046414037134965864
0.00033630070295824146 1.1849506016838718e-07 0.00046830096547948965
0.0003441719184074326 1.221965664217682e-07 0.0004721435951928273
0.00035222736193614483 1.2601422333312604e-07 0.0004756257017654599
0.00036047134545598864 1.299483460755233e-07 0.00047871751394205854
0.00036890828180011616 1.3399924791226727e-07 0.00048161403772524426
0.0003775426870853177 1.3817146987340792e-07 0.00048482404365395113
0.0003863791831294074 1.4247059044449375e-07 0.0004882344822126157
0.00039542249992518494 1.469021246631755e-07 0.0004918559786625311
0.00040467747817230263 1.51471915915781e-07 0.0004956870085793857
0.0004141490718683915 1.5618482924122737e-07 0.0004994613543007979
0.0004238423509608335 1.6104447782519552e-07 0.0005032022478636923
0.0004337625040605987 1.6605478453548568e-07 0.000506903138446673
0.00044391484121960163 1.7121969830600932e-07 0.0005105570487477366
0.0004543047967730601 1.7654432064623213e-07 0.0005144457783764324
0.00046493793224838435 1.8203518141213844e-07 0.0005182945086199575
0.0004758199393421456 1.8769549673989216e-07 0.0005219679878057641
0.00048695664296672335 1.935281469644559e-07 0.0005254495484503684
0.0004983540043682601 1.995358010142543e-07 0.0005287297928514817
0.0005100181243175925 2.0572281612593656e-07 0.0005321731107842829
0.0005219552463758677 2.1209770237730546e-07 0.0005359465424924073
0.0005341717602365903 2.1867001649661e-07 0.0005400696313402644
0.0005466742051458951 2.254500092138776e-07 0.0005445716053946944
0.000559469273402868 2.3244871592330728e-07 0.000549305546824582
0.0005725638139417951 2.3967021930457354e-07 0.0005535770840340472
0.0005859648359982553 2.4711466494215927e-07 0.0005573482483252156
0.0005996795128610181 2.5478139665750254e-07 0.0005605788967413767
0.0006137151857117567 2.6267015172510925e-07 0.0005635799584832927
0.0006280793675546278 2.7079006747028464e-07 0.0005670701052090482
0.0006427797472378308 2.7915519347859347e-07 0.000571088102092077
0.0006578241935692849 2.8778075190901424e-07 0.0005756674331435595
0.0006732207595286407 2.9668321172254217e-07 0.000580802922055879
0.0006889776865778715 3.0587457418439234e-07 0.0005857391854985026
0.0007051034090727575 3.153565290856468e-07 0.0005901577917856835
0.0007216065587776216 3.251287556265958e-07 0.0005940166380575205
0.0007384959694857329 3.3518981944865546e-07 0.0005972712158911548
0.0007557806817478518 3.4554324710013606e-07 0.0006007715774551573
0.0007734699477114517 3.562044462852285e-07 0.000604666104590089
0.0007915732360731991 3.671893715292069e-07 0.0006089711528391468
0.0008101002371473517 3.7851517012324153e-07 0.0006137114553488401
0.0008290608680527811 3.9019919923182137e-07 0.0006186872420082757
0.0008484652780214013 4.0225102523918003e-07 0.0006234281225198672
0.0008683238538308426 4.1467659219568407e-07 0.0006279161950918245
0.000888647225364274 4.2748142128689036e-07 0.0006321283151383209
0.0009094462713003649 4.4067093148779884e-07 0.0006362015858829596
0.0009307321249364116 4.5425982029556805e-07 0.0006405843027902714
0.0009525161801477611 4.682624050354746e-07 0.0006449820243768569
0.0009748100974867164 4.826908995071308e-07 0.0006493909544643514
0.0009976258104241874 4.97557779616949e-07 0.000653807011611111
0.0010209755317374307 5.128747751919319e-07 0.0006581606772007617
0.0010448717600472944 5.286562985256909e-07 0.000662691986554756
0.0010693272865084718 5.449204099644163e-07 0.0006674203806573385
0.0010943552016563394 5.616860983795672e-07 0.0006723547832800818
0.0011199689024140522 5.789748605003845e-07 0.0006776737647355375
0.0011461820992636283 5.968077211591868e-07 0.0006828382255480862
0.0011730088235848988 6.151907101509265e-07 0.0006875659933788291
0.0012004634351662055 6.34127321069524e-07 0.0006918204417481633
0.0012285606298909 6.536196379920293e-07 0.0006955965277205535
0.0012573154476037433 6.736780083206454e-07 0.0006996102484321305
0.0012867432801614235 6.943322119855401e-07 0.0007041879924147503
0.0013168598796714968 7.156166700890008e-07 0.0007093652230734773
0.0013476813669241635 7.375686205652372e-07 0.0007151792881501861
0.001379224240021392 7.602262155151979e-07 0.0007213466806790388
0.00141150538320801 7.83604032628128e-07 0.0007269097643035803
0.0014445420759094905 8.077015105955482e-07 0.0007317831381851755
0.0014783520019812696 8.325152872703441e-07 0.000735911829599591
0.0015129532591745456 8.580419121531822e-07 0.0007396262988275627
0.0015483643688236342 8.843076518826235e-07 0.0007439297961106593
0.0015846042857600405 9.113550431776941e-07 0.0007488406853372424
0.0016216924084586054 9.392295192540757e-07 0.0007543971776401076
0.0016596485894210947 9.679801625475229e-07 0.0007606094869890489
0.001698493145802833 9.976459449272603e-07 0.000766696244321583
0.0017382468702880555 1.0282380866591175e-06 0.0007722775731646654
0.0017789310422197996 1.0597622770408586e-06 0.0007773109607540185
0.001820567438990296 1.0922216419985974e-06 0.0007817514462013623
0.0018631783476979538 1.125629191168403e-06 0.0007863751753209944
0.0019067865770771818 1.1600295092031415e-06 0.0007913483153171442
0.0019514154697074296 1.1954629639661212e-06 0.0007965933885218686
0.0019970889145079864 1.2319718048366545e-06 0.0008021241255176738
0.0020438313595252233 1.2695990942230312e-06 0.0008078052939983947
0.0020916678250191235 1.3083759320993777e-06 0.0008133958632198469
0.002140623916856109 1.3483336441928685e-06 0.0008189689055978449
0.0021907258402153345 1.389505202571922e-06 0.0008245169840759089
0.0022420004136157546 1.43192433616921e-06 0.0008301145063718734
0.002294475083271549 1.4756429080072772e-06 0.0008360880661911965
0.002348177937783494 1.5206975605337527e-06 0.0008417617395644343
0.002403137723174208 1.5671096446565247e-06 0.0008471076841104298
0.0024593838582753044 1.6148987633769039e-06 0.0008520964196239187
0.002516946450474678 1.6640849835911324e-06 0.0008568980618964931
0.0025758563118323664 1.7147178837300205e-06 0.0008621641212774205
0.0026361449755736045 1.7668694096975817e-06 0.0008679662450466818
0.002697844712967906 1.8206169727781833e-06 0.0008743365299977361
0.002760988550603204 1.8760449182639223e-06 0.0008813619349790833
0.0028256102880642947 1.9332238317031078e-06 0.000888143855980841
0.0028917445160250577 1.9921654994035016e-06 0.0008941916040732427
0.0029594266347641213 2.0528694218708174e-06 0.000899445709150708
0.0030286928731138984 2.1153287291683646e-06 0.0009038687242276927
0.003099580307853134 2.1795644193549285e-06 0.0009085626662310188
0.003172126883553309 2.245670891703521e-06 0.0009140002142951082
0.0032463714328896205 2.3137574902564815e-06 0.0009202287857813067
0.0033223536974272792 2.383942684490663e-06 0.0009272983292375047
0.0034001143488943506 2.456348433829848e-06 0.0009348922274370369
0.0034796950109524877 2.531030227742098e-06 0.000941837282333475
0.0035611382814772106 2.607993697260302e-06 0.0009479916683740173
0.0036444877553596664 2.6872361976507667e-06 0.000953291736768542
0.003729788047842067 2.7687514551300613e-06 0.0009580103903207555
0.0038170848183993037 2.85261311883505e-06 0.0009633594201118055
0.003906424795179514 2.938940155762477e-06 0.0009692643295323936
0.003997855800016689 3.027854376149755e-06 0.0009757585256078588
0.00409142677402871 3.1194863676545567e-06 0.0009828714931790572
0.004187187803814508 3.2139484496280505e-06 0.0009899203604454999
0.004285190148264394 3.3112964076565667e-06 0.0009966421809468507
0.00438548626599784 3.4115792392166217e-06 0.0010030059984275693
0.00448812984344354 3.5148425797765558e-06 0.001008979028564305
0.00459317582357661 3.621149593251828e-06 0.0010151603464472277
0.004700680435328423 3.730628979033036e-06 0.0010215468712249487
0.004810701223684794 3.843371057918462e-06 0.0010278891243422164
0.004923297080488616 3.959463029049502e-06 0.0010341768939145315
0.005038528275963433 4.078991973702376e-06 0.0010403490229630482
0.005156456490974849 4.202045364909853e-06 0.0010466006711124236
0.005277144850047007 4.328753133184443e-06 0.0010531814264084895
0.005400657955151837 4.4592605877158115e-06 0.0010601076481263903
0.005527061920289152 4.593720930548323e-06 0.00106739648838927
0.005656424406876098 4.732316923853195e-06 0.0010752393499387314
0.0057888146599649045 4.875153740386467e-06 0.0010824311712533043
0.0059243035453083225 5.022259297981929e-06 0.0010888956941295762
0.006062963587292604 5.173650226139212e-06 0.0010945734805762328
0.006204869007758247 5.3293428364903625e-06 0.0010997882725062738
0.006350095765729487 5.489484226537524e-06 0.0011057236927618998
0.006498721598073523 5.654318531733779e-06 0.0011125069375844425
0.006650826061111473 5.824110704341609e-06 0.0011201914231198232
0.006806490573203213 5.999147755813101e-06 0.0011288383422848878
0.006965798458328935 6.1796683113283e-06 0.0011372846697992967
0.007128834990690744 6.365713023707503e-06 0.001144764805211827
0.007295687440358169 6.557273929926591e-06 0.0011512010149962192
0.007466445119982013 6.754322093762829e-06 0.0011565111358789132
0.007641199432601568 6.956893881537617e-06 0.0011619962638911151
0.007820043920570754 7.16526601590278e-06 0.0011683209810907154
0.008003074315629407 7.379749812084947e-06 0.0011754928125776972
0.008190388590146487 7.600680823321449e-06 0.0011835646927249358
0.008382087009562653 7.828408651604706e-06 0.001192275272680883
0.008578272186060283 8.06313028147253e-06 0.0012004376432428563
0.008779049133489586 8.304913872067283e-06 0.0012078900473274324
0.008984525323580428 8.553809476721048e-06 0.0012145731976240968
0.009194810743469653 8.809853938366538e-06 0.001220641440095481
0.00941001795457493 9.073264043299253e-06 0.001227349364666142
0.009630262152846538 9.3443499839216e-06 0.0012343604715126736
0.009855661230429373 9.623396683486893e-06 0.0012416887796174567
0.010086335838768157 9.910703143270591e-06 0.0012493489639392292
0.010322409453189654 1.0206549451179884e-05 0.001256981874771083
0.010564008438996448 1.0511156680494335e-05 0.001264582528108502
0.010811262119107665 1.0824772352763105e-05 0.0012721796380253758
0.011064302843282844 1.1147649306289506e-05 0.0012797645289324723
0.011323266058966018 1.1480074488030336e-05 0.0012877554092444214
0.011588290383787907 1.1822441013746067e-05 0.0012957926436226058
0.0118595176797651 1.2174931601963718e-05 0.001303315409243889
0.01213709312923573 1.253768355715135e-05 0.0013102783916409137
0.012421165312572719 1.2910818324579191e-05 0.0013166388647400291
0.01271188628771567 1.329452883059728e-05 0.0013231741410798998
0.01300941167156434 1.3689275684254183e-05 0.0013304606805079218
0.013313900723277147 1.4095601013146241e-05 0.0013385444012221403
0.013625516429519275 1.4514086476991338e-05 0.0013474736380335063
0.01394442559170606 1.4945362469708758e-05 0.0013571379354410862
0.014270798915288326 1.5389761779265476e-05 0.0013659044793421413
0.014604811101127454 1.5847303278796037e-05 0.001373539694674472
0.01494664093900914 1.6317956733386376e-05 0.0013799538073085422
0.015296471403345845 1.6801670814155733e-05 0.0013854996051410932
0.015654489751119195 1.7298832376323564e-05 0.0013919425499460758
0.01602088762211477 1.781018289714102e-05 0.0013994407962587717
0.016395861141502873 1.8336522532002448e-05 0.0014080618794975104
0.016779611024820323 1.887871727631059e-05 0.001417873051217537
0.017172342685409164 1.9437523752526267e-05 0.0014276631131195155
0.017574266344370353 2.0013135239902898e-05 0.0014364040593487588
0.017985597143090643 2.0605583333385116e-05 0.0014440107989575693
0.0184065552584033 2.1214844555705373e-05 0.0014503933825282891
0.018837366020444214 2.1841012703174473e-05 0.0014567502282160528
0.019278260033266423 2.2484850611373506e-05 0.0014639328297963905
0.019729473298277685 2.314714966016921e-05 0.0014717887783088483
0.020191247340567126 2.3828741382203936e-05 0.0014803577607986377
0.0206638293381886 2.4530497375670368e-05 0.0014894866044223918
0.021147472254469973 2.525302923899725e-05 0.0014982881877483993
0.021642434973419132 2.599672940723826e-05 0.0015066841960670837
0.02214898243829923 2.6761977845618764e-05 0.001514636173400755
0.022667385793447292 2.7549135625882243e-05 0.0015221490146518214
0.023197922529412215 2.835890524556492e-05 0.0015304334257093073
0.02374087663148949 2.9192077141080576e-05 0.0015385356847129944
0.02429653873173293 3.004919587888419e-05 0.0015464337191677501
0.02486520626452377 3.0930803248558376e-05 0.0015541040965515553
0.02544718362578116 3.183743217778899e-05 0.001561558601860856
0.026042782335899007 3.276981123150328e-05 0.0015693887828343422
0.026652321206496323 3.372893654670793e-05 0.001577716354853502
0.02727612651107051 3.471586787790585e-05 0.0015865678358771547
0.027914532159644755 3.573175092347503e-05 0.0015961873100213387
0.028567879877503144 3.6777818965145025e-05 0.0016057912440815276
0.029236519388109106 3.785445493635753e-05 0.0016143771905231658
0.02992080860030512 3.896179196199945e-05 0.001621862467445085
0.030621113799893886 4.009987614194599e-05 0.0016281596704456663
0.0313378098457035 4.12690212653279e-05 0.0016345872914965587
0.03207128037024161 4.2470631211868e-05 0.0016420691757238145
0.03282191798504598 4.370639739836329e-05 0.0016506666929849633
0.03359012449084106 4.4978144491371005e-05 0.001660450496380309
0.034376311092613916 4.628782010933453e-05 0.0016712431889975073
0.0351808986197235 4.763654958833776e-05 0.0016811005523344681
0.036004317751161884 4.902441151417781e-05 0.001689605829124649
0.036847009246087845 5.045131478655387e-05 0.001696652414487798
0.037709424179756035 5.191705824857544e-05 0.0017024790174905507
0.038592024184968196 5.3422590619480736e-05 0.0017092363257769977
0.03949528169917565 5.4969898960646864e-05 0.0017169629075410708
0.040419680217365216 5.656103818706756e-05 0.001725719862089291
0.041365714550864054 5.81982174815507e-05 0.001735571537961411
0.04233389109220189 5.988351147087292e-05 0.0017456298499712887
0.0433247280861724 6.161780241650937e-05 0.0017548479583398135
0.04433875590723893 6.340157713283862e-05 0.001763159647063013
0.045376517343432864 6.523522290537433e-05 0.0017704905568631652
0.04643856788689694 6.711927849753839e-05 0.0017777081872480643
0.04752547603122824 6.905575674158095e-05 0.001785573910003695
0.0486378235757816 7.104642275527378e-05 0.0017936457027173751
0.0497762059370943 7.309299020144879e-05 0.0018019294290006625
0.05094123246760033 7.519723018538512e-05 0.0018103846085053828
0.05213352678180401 7.736076093299164e-05 0.0018187791249827513
0.05335372709008796 7.958519730436663e-05 0.0018272127099612004
0.054602486540333825 8.187224986759503e-05 0.0018356788232806618
0.05588047356753874 8.42236682660924e-05 0.001844170418670326
0.05718837225161477 8.66417350934004e-05 0.0018534706130229608
0.05852688268356263 8.912859083667266e-05 0.001862224460344101
0.05989672134021587 9.168510602054183e-05 0.0018701859450111864
0.06129862146775603 9.431202246041154e-05 0.001877289293442645
0.06273333347420412 9.701003263439007e-05 0.0018837565082881391
0.06420162533109855 9.978110407981466e-05 0.001890911808051337
0.06570428298457386 0.00010262845320145279 0.001898961715430831
0.06724211077606207 0.00010555555071641454 0.0019079616049538302
0.0688159318728395 0.00010856612139887831 0.0019180532977068469
0.07042658870865123 0.00011166393668115891 0.0019283373744254288
0.07207494343464833 0.00011485009782473326 0.0019372609793236893
0.07376187838087955 0.00011812465798679055 0.0019447164411637754
0.0754882965285842 0.0001214873774491271 0.0019505899774921148
0.07725512199353927 0.000124938562569624 0.001956296085020183
0.07906330052071946 0.00012848197174881662 0.001963172247930565
0.08091379999053473 0.00013212207235886232 0.001971171744503857
0.08280761093691669 0.00013586364458137779 0.0019803664441689814
0.0847457470775307 0.0001397118101383083 0.001990697064748124
0.08672924585639806 0.00014367017437743956 0.0020003540993958915
0.08875916899921808 0.00014773949288668747 0.0020087232584491918
0.0908366030816881 0.00015192001038691132 0.0020157027028825727
0.09296266011112407 0.00015621164510224873 0.002021306370918302
0.09513847812169614 0.00016061667978622976 0.002027846040300061
0.0973652217835939 0.0001651400193903824 0.00203496526348348
0.09964408302645045 0.00016978614774248944 0.002042697803016653
0.10197628167735744 0.000174559806330138 0.0020510791682109794
0.10436306611381327 0.0001794658126642806 0.0020598109967847763
0.10680571393195358 0.00018450743130893636 0.0020680617691207683
0.109305532630422 0.00018968697759778926 0.0020757480561197444
0.11186386031024691 0.0001950066395834407 0.0020828207672638844
0.11448206639109923 0.00020046878354451115 0.002089884238114257
0.11716155234431426 0.00020607899124158906 0.002097536078203597
0.11990375244307021 0.0002118408479592229 0.0021047144190589895
0.12271013453012482 0.00021775699175506871 0.002111377272552388
0.12558220080352114 0.0002238299442531643 0.002117468170772046
0.1285214886206832 0.00023006181258683638 0.0021230839535131617
0.13152957132133036 0.0002364581017542279 0.002129817202464989
0.1346080590696551 0.00024302664621906692 0.002137740768905703
0.13775859971620935 0.00024977587590235026 0.0021469314206971624
0.1409828796799649 0.00025671325701433705 0.0021558823002074015
0.14428262485101853 0.0002638412060839137 0.002164421705176148
0.14765960151442503 0.0002711651747731276 0.002173168771775467
0.15111561729565304 0.00027869116084303184 0.0021821287295153697
0.15465252212816924 0.00028642529059515437 0.0021911587884433283
0.1582722092436695 0.00029437273067983943 0.0022000751898838375
0.1619766161854863 0.00030253964006252506 0.0022092223929637512
0.16576772584571564 0.00031093282576408426 0.0022186068467884403
0.1696475675266178 0.00031955933939409125 0.0022282352009966606
0.1736182180268608 0.0003284454111520317 0.0022467558961480898
0.17768180275318793 0.00033759903295430617 0.0022568212387900485
0.18184049685810239 0.00034698850064731533 0.0022570684370160536
0.1860965264041834 0.0003565765590833036 0.0022467915660267035
0.19045216955564986 0.0003663342730221728 0.00223695245147427
0.19490975779781464 0.00037629553999911483 0.002232317651744101
0.19947167718508027 0.00038646740111539636 0.002227061385766508
0.20414036961814436 0.0003968512658789677 0.0022211448136870123
0.2089183341510982 0.00040745355131699954 0.0022236123577817155
0.2138081283291187 0.00041837483663432676 0.002238833533453209
0.21881236955746894 0.0004295589921737192 0.002226297327959618
0.22393373650254111 0.0004408651376014049 0.002184022655225836
0.22917497052569083 0.00045213153974158415 0.002109919007543383
0.234538877150631 0.00046373459440132806 0.002221368949866382
0.24002832756517034 0.0004759463996648539 0.002198183352385288
0.24564626015810065 0.00048779899937775894 0.0019903341008961958
0.2513956820920558 0.0004981698796817548 0.0015847794159430206
0.25727967091318127 0.0005061050900712662 0.0011905943740592073
0.263301376198484 0.0005126637653786401 0.0010005004660968938
0.2694640212417331 0.0005184329586035958 0.0008851640889082082
0.275770904778823 0.000523860864135372 0.0008500860673587275
0.28222540275351804 0.0005294521565827496 0.0008771757705788269
0.2888309701245251 0.0005350854765493866 0.0008309515512812924
0.2955911427148611 0.0005405865886014277 0.0007991726426121344
0.3025095391045058 0.0005460498502691513 0.000782912484496586
0.3095898625673525 0.0005515843455711834 0.0007833044657026735
0.3168359030534936 0.0005572423385972606 0.0007749741522997818
0.3242515392179019 0.0005629461909138622 0.0007636807016827659
0.3318407404965947 0.0005687044031651602 0.0007541334285998878
0.3396075692313897 0.0005745304832713012 0.0007464684170708355
0.34755618284439344 0.000580431590678983 0.0007363458960523467
0.35569083606338 0.0005863729069689726 0.0007253507263516654
0.3640158831992625 0.0005923851628286188 0.0007200263374349628
0.3725357804768628 0.0005985184910073198 0.0007207862020543723
0.3812550884202366 0.0006048298991738238 0.0007273600759733072
0.390178474293827 0.0006113324948598275 0.0007297555175944889
0.3993107146007548 0.0006180006265778476 0.0007302669999925942
0.4086566976395809 0.000624820241424563 0.0007287585520894607
0.41822142612091123 0.0006317747746917296 0.000725086669243134
0.4280100198452438 0.0006388435497787112 0.0007192640528330094
0.43802771844349153 0.0006460304212070779 0.0007161662301682986
0.4482798841816478 0.0006533721898905481 0.0007166950346614338
0.4587720048310963 0.0006609115779685926 0.0007211105335269792
0.46950969660610076 0.0006686927652251298 0.000727554844583074
0.48049870717004795 0.000676709906642343 0.0007314002676616695
0.4917449187120536 0.000684952735235923 0.0007343126406754839
0.5032543510955719 0.0006934162824612204 0.0007362216751624057
0.5150331650807095 0.0007020941136752236 0.0007370618117787627
0.5270876656219483 0.0007109840227469494 0.0007380379124023736
0.5394243052430577 0.000720099776296899 0.0007399502040930192
0.5520496874909966 0.0007294593053400462 0.0007428638532274396
0.5649705704706549 0.0007390824077519788 0.0007468475998862119
0.5781938704623268 0.000748982273594786 0.0007500437717320317
0.5917266656238517 0.0007591529880283957 0.0007531990755305556
0.6055761997794052 0.0007696111627612731 0.0007571850562751607
0.619749886296968 0.0007803768459915032 0.0007620569982664133
0.6342553120565475 0.000791471813040906 0.0007677743392352546
0.649100241511277 0.0008029100390129215 0.0007731004741446413
0.6642926208435667 0.0008146906698634489 0.0007775996304810919
0.6798405822185294 0.0008268101118274802 0.0007812073845158534
0.6957524481369618 0.0008392630487915664 0.000783855670313692
0.7120367358901998 0.0008520413424120624 0.0007857812180675681
0.7287021621192568 0.0008651639751322525 0.0007893199151257566
0.7457576474806545 0.0008786688968145045 0.0007946063169646601
0.7632123214214672 0.0008925983594327854 0.0008017601751794375
0.7810755270661239 0.000906994702638794 0.0008098720068243211
0.7993568262175902 0.0009218650324316794 0.000816719717167241
0.8180660044756016 0.0009371989839002969 0.000822215623772005
0.8372130764746928 0.0009529832470505588 0.0008262564777810332
0.8568082912448229 0.0009692013790897638 0.0008289370186660124
0.8768621376974683 0.0009858572506511593 0.0008323812308850229
0.8973853502401199 0.001002987335622609 0.000837169329300049
0.9183889145221872 0.0010206338882156809 0.0008433925945486959
0.9398840733153894 0.0010388435790522272 0.0008511472770092575
0.9618823325317791 0.0010576536139890408 0.0008587821567145081
0.9843954673826101 0.0010770655713297388 0.0008655518605641967
1.0074355286813754 0.0010970778397351082 0.0008714451169378623
1.0310148492943494 0.0011176864047958998 0.0008763924014003383
1.0551460507421169 0.0011388880270831142 0.0008809217580722058
1.0798420499556114 0.0011607071826876287 0.0008861874204939547
1.1051160661902795 0.0011831786534277778 0.0008921336814326073
1.1309816281020735 0.001206339170694794 0.0008988028658880627
1.1574525809890612 0.0012302279525999223 0.0009060759652865442
1.1845430942025246 0.0012548682525598234 0.0009129835211587885
1.2122676687315208 0.0012802747735622569 0.0009197443509017667
1.2406411449649597 0.0013064654672430092 0.0009263404150459763
1.2696787106353562 0.0013334580625121942 0.0009327525602193544
1.299395908948507 0.0013612796919748379 0.0009397078493938169
1.3298086469034476 0.0013899633291396263 0.0009465086284577126
1.3609332038071393 0.0014195253124241044 0.0009530055386135158
1.3927862399884348 0.001449980905596398 0.0009591695387461701
1.4253848057160214 0.0014813445603449335 0.0009650289928418051
1.4587463503250655 0.0015136421396332524 0.0009712532848918319
1.4928887315574817 0.0015469176207973665 0.0009780346001243983
1.5278302251208116 0.0015812191158690644 0.000985405456313973
1.563589534470829 0.001616598053422808 0.000993374352901146
1.6001858008231138 0.0016530979990806486 0.001001270148624865
1.6376386133989447 0.001690740849500167 0.0010087821022013812
1.675968019911004 0.0017295447129786904 0.001015874299558405
1.7151945372945012 0.0017695261089212973 0.0010225087106765797
1.7553391626894626 0.0018107023690038108 0.0010289341542728037
1.7964233846800635 0.0018531182730082022 0.0010359791774643037
1.8384691947970222 0.0018968378116727338 0.001043725837475008
1.8814990992892089 0.0019419298605500108 0.0010522159757435172
1.9255361311707768 0.001988464499948657 0.0010610741519587678
1.9706038625502416 0.002036478039185728 0.0010696119161261511
2.016726417248164 0.0020860077753322714 0.0010780888329002443
2.0639284837101144 0.0021370951853906172 0.001086491132923861
2.1122353282218906 0.002189781998702049 0.0010947660490559798
2.1616728084340324 0.00224410546362765 0.0011029567576214762
2.2122673872028886 0.0023001289396194138 0.0011117096058253615
2.264046146755631 0.002357932144613882 0.0011210552938529304
2.3170368031868116 0.002417599964394429 0.0011310260712512296
2.371267721294209 0.0024791900141349003 0.001140089565056473
2.426767929761917 0.0025427279655260396 0.00114971700211745
2.483567136698798 0.002608334155011652 0.0011605591509389517
2.5416957455406126 0.0026761433787040587 0.0011726912975866346
2.6011848713243517 0.002746289158471811 0.0011851041994617442
2.6620663573434715 0.002818795056112813 0.0011968595310661257
2.724372792192928 0.0028937569490550905 0.0012094712424150426
2.7881375272132045 0.002971306201379759 0.001222986904046409
2.8533946943425734 0.003051583270985469 0.001237314692816047
2.9201792243872164 0.0031346293972878175 0.0012499042982832775
2.9885268657189616 0.0032205386746769985 0.001264230267271922
3.058474203410643 0.0033095248806347716 0.0012804015164680888
3.13005867881933 0.0034018211654680106 0.0012985327452539144
3.2033186096279103 0.0034975813338184434 0.0013148388343781712
3.2782932103557463 0.0035967884353640903 0.0013319650292604919
3.3550226133493957 0.0036997380102840394 0.001351883349710526
3.433547890264623 0.00380677713027981 0.0013747723934965596
3.513911074051201 0.003918269663045018 0.0013994966603216323
3.5961551814522794 0.00403433754130101 0.001423005531458541
3.6803242360303505 0.004155118903502849 0.001446945054556576
3.766463291732159 0.004280808095727415 0.0014713196460345657
3.8546184570051105 0.004411607234313856 0.0014961335574828923
3.9448369194782127 0.00454770863851292 0.001521123225719945
4.037166971220603 0.004689361427560759 0.0015473967346834453
4.131658034591296 0.00483687609715118 0.001575027227195414
4.228360688693948 0.004990583892625381 0.0016040816058779464
4.327326696450801 0.005150782949216074 0.0016329096624558563
4.4286090323102965 0.0053176658920385585 0.0016627324510032366
4.532261910603199 0.005491659288721393 0.0016947526649818579
4.6383408145624045 0.005673244129973845 0.0017290927456199577
4.746902526021957 0.00586295863633146 0.0017670646379399127
4.858005155811191 0.0060615293516025825 0.0018067285114448796
4.971708174860245 0.0062690465843604345 0.0018426454998781191
5.088072446033622 0.006485366457805647 0.0018745064949769483
5.20716025670881 0.006710284974375452 0.001901984668026575
5.329035352117438 0.0069440811251952 0.0019351047619470393
5.453762969466727 0.007187545252171988 0.001968659306622676
5.58140987285968 0.007440974539779804 0.0020019501238845963
5.712044389032477 0.00770466401598101 0.0020349213583195076
5.845736443928362 0.007979049440852252 0.0020710583571610553
5.982557600127557 0.008264966238870831 0.0021077985504943417
6.122581095153219 0.008562535017741126 0.0021418769823251613
6.265881880673967 0.008871746830945907 0.0021730645724395963
6.412536662623953 0.009192588254335703 0.0022039547492455447
6.562623942261955 0.00952622383591492 0.0022410731335530732
6.7162240581914725 0.009873029355383568 0.0022737199801360726
6.873419229364309 0.010232707680651756 0.0023015377231592332
7.034293599090672 0.010604864297776458 0.002324148450530763
7.198933280079338 0.010989694549741871 0.002351568793135015
7.367426400532011 0.011388305547203418 0.0023797063002584493
7.539863151316464 0.0118010454356949 0.002407223337509883
7.716335834243917 0.012228241153285933 0.0024340448095115184
7.896938911476228 0.012670325694667249 0.002462535306252252
8.081769056089541 0.01312822683100808 0.0024918938621272496
8.270925203821369 0.0136022288722145 0.00251943848178618
8.464508606028849 0.014092468034648064 0.002545008262328623
8.66262288388648 0.014599060084720951 0.0025699267559838664
8.865374083852394 0.015123230542557542 0.0025999344372625213
9.07287073443282 0.015665510182773713 0.002626190781320178
9.285223904275137 0.016225631407437234 0.0026483970681223817
9.502547261620615 0.01680321803296691 0.002666237597226731
9.724957135148667 0.017398098459172662 0.0026838609772596544
9.952572576245169 0.01801133236220842 0.0027049244532253453
10.1855154227282 0.01864420800851408 0.0027292911872965537
10.423910364065293 0.019298121343901325 0.0027571715826323444
10.667885008117114 0.01997462537290943 0.0027890845538197373
10.917569949443308 0.020674901590089105 0.0028193465035343964
11.173098839207043 0.02139872358273105 0.002845050659804771
11.434608456715713 0.022145571709554602 0.002865840952947963
11.70223878263605 0.022914767969526764 0.002881837342228221
11.976133073922874 0.023706740447041054 0.0029014623601953823
12.256437940501618 0.0245230285744831 0.002923084916915973
12.54330342374537 0.02536492683282137 0.00294682461248591
12.8368830767892 0.026233826815202133 0.0029728072961982778
13.137334046723776 0.027131036413723327 0.0029992008663709633
13.444817158712981 0.028057201320509796 0.00302478349233001
13.759497002080279 0.029013010149856543 0.003049826280576486
14.081542018409971 0.02999915868766663 0.0030742626734849704
14.411124591710466 0.031016451098401863 0.0030998962163462556
14.74842114068787 0.03206666786174242 0.0031268747880908395
15.093612213179249 0.033150365997027774 0.0031514429830906457
15.446882582796135 0.034267650739005076 0.0031734003301821015
15.808421347830011 0.035418518554860105 0.003192520478363131
16.17842203247269 0.03660311567105967 0.0032112328970413063
16.557082690405792 0.03782323465874801 0.003233722818455715
16.94460601081479 0.03908140079833105 0.0032602368110578295
17.341199426884288 0.04038037390165502 0.0032910347042664615
17.74707522683272 0.041723242760793214 0.0033262122511586926
18.162450667545816 0.04311160189518998 0.003357571693340908
18.5875480908697 0.044544559291972576 0.003383105968713823
19.02259504262586 0.04602081113551534 0.0034023681070936675
19.46782439441171 0.0475387632859262 0.0034159786529334322
19.92347446825191 0.04909898311519357 0.003433201255411457
20.389789164167198 0.05070507474576256 0.0034561397160589873
20.867018090729005 0.052361150036587194 0.00348517941985299
21.355416698669746 0.05407174749387918 0.003520726687361124
21.855246417620275 0.05584101348776139 0.0035577336066830666
22.36677479604776 0.057669219164034245 0.0035891941918555184
22.890275644468797 0.059555126206083775 0.0036146513108660364
23.426029182014506 0.06149709527413091 0.0036336452643023816
23.97432218642611 0.06347435172292477 0.003538981110421475
24.535448147560707 0.06543957422270993 0.0034929796417336022
25.10970742449088 0.06747255612252494 0.0036160727098436597
25.69740740628028 0.0696782826375952 0.003920277055710575
26.298862676522724 0.07217485289825365 0.004392610312408434
26.914395181732225 0.0750126004615009 0.004815360319347322
27.5443344036743 0.078161930993989 0.00517039427598043
28.1890175357307 0.08159053331728114 0.005452451753915046
28.84878966339204 0.0852597835327824 0.0056559751364623325
29.524003948974883 0.08912406957183269 0.005775094419352982
30.215021820662198 0.09313005593171166 0.00580361126531006
30.92221316596835 0.0972158837470058 0.005734982276526669
31.645956529732224 0.10131030097062792 0.00556230144737901
32.386639316744386 0.10544612766163913 0.005635882918370962
33.14465799911685 0.10974041201242103 0.005680594790752027
33.92041832850635 0.11413727705133118 0.005640570094055694
34.71433555330477 0.11856951072549846 0.0055097629967662855
35.52683464091301 0.12300626970970652 0.005421043669420295
36.35835050521715 0.12748618493025024 0.005357726617546352
37.2093282393889 0.1320255525878976 0.005314504359946832
38.08022335413468 0.13664059416257968 0.005276319122811241
38.97150202152103 0.14131825732005387 0.005224383096187112
39.883641324506875 0.1460692279752256 0.005197199011842477
40.8171295123161 0.15091832089482593 0.005196575976036361
41.77246626178722 0.1558664488210579 0.005165425872160313
42.750162944840014 0.16091222026604263 0.005161301782252906
43.7507429022023 0.16608726024501386 0.005187990132976778
44.77474172354335 0.1714026718876107 0.005191883232200522
45.82270753416391 0.1768555562974017 0.005220226749815447
46.89520128839631 0.18248501197267258 0.005283416941912176
47.992797069871834 0.18830240507432996 0.005321020188352015
49.11608239881501 0.19431638598344536 0.0053926540548330185
50.265658546532144 0.20057274091077182 0.00548672294252229
51.442140857258565 0.2070762375688289 0.0055748379417009065
52.64615907753983 0.2138605379375637 0.005700591393736182
53.87835769332197 0.22096707058642864 0.00582941499575339
55.13939627493143 0.2284095762837565 0.005979944028646013
56.42994983012933 0.23624274609320908 0.006156804930423374
57.75070916542917 0.2444931240829593 0.006341591736612781
59.102381255871144 0.25321017280339164 0.006561472140180945
60.48568962345122 0.2624415832113332 0.006789667081775592
61.901374724407454 0.2722345711410264 0.007049797107011089
63.350194345570806 0.28265110985473624 0.007331468917808508
64.8329240099927 0.2937467688917072 0.00763850715435221
66.3503573920664 0.3055905502085962 0.007975013352123389
67.90330674236448 0.3182532286773517 0.008335414188025575
69.4926033224196 0.33181288551713367 0.008732654030345146
71.1190978496816 0.3463550167205162 0.009150035799119221
72.78366095288885 0.36196950446884296 0.009613658167267405
74.48718363809776 0.37875274424534416 0.010094774687420868
76.2305777656198 0.3968171960049996 0.010627215575523397
78.01477653812138 0.41626588491142863 0.01118694878968589
79.84073500014787 0.4372415326670479 0.01178479830101308
81.70943054933909 0.45985510522141176 0.012430512109662326
83.62186345960995 0.4842635530053893 0.013098150107304245
85.57905741657639 0.5106255400146047 0.013834221478274587
87.58206006551292 0.5390874365542273 0.014604189912308952
89.63194357213541 0.5698458988229347 0.015401570078244583
91.7298051965092 0.603087912355233 0.016280612077805717
93.87676788038989 0.6390026566799057 0.017196593053100378
96.07398084830928 0.6778235434548434 0.018148958246997027
98.32262022273369 0.7197920423988614 0.0191661345524468
100.6238896536163 0.7651324528314185 0.020248212285221664
102.97902096268643 0.814128899498964 0.021384715907201732
105.3892748028181 0.8670709247777764 0.022554283006910605
107.85594133283125 0.9242457531749959 0.023791174076243208
110.38034090808713 0.9860028594068482 0.025119449271296616
112.96382478724692 1.0526538790751627 0.02649313327836174
115.60777585557254 1.1245721176117827 0.027932745768158466
118.31360936515638 1.202157390080882 0.029439208406883178
121.08277369247632 1.2858133400156584 0.030995380066489317
123.91675111368166 1.3759620269156085 0.03263882781441237
126.81705859802462 1.4730994268307573 0.03433878929410189
129.78524861986259 1.5776725124313797 0.036122422438719354
132.8229099896654 1.6902392365063157 0.03797185218421252
135.9316687044725 1.8112976856256278 0.039906610564188455
139.1131888182554 1.9414695888156916 0.04190089936579103
142.36917333265131 2.0812806357604976 0.0439865228056402
145.70136510854445 2.231444997982705 0.04614541807154509
149.1115477989833 2.392562434763791 0.048352267456488435
152.60154680393308 2.565330729819287 0.05067779763460847
156.17323024737425 2.7505011913594815 0.053028423666231894
159.8285099772708 2.9487886912791184 0.05547191997762541
163.56934258894248 3.161014862957498 0.05797272672722189
167.39773047238972 3.3879482411139583 0.0605761232898034
171.31572288413147 3.6305118168662744 0.06325462382907691
175.3254170441296 3.889530192788043 0.0659505581310513
179.42895925838715 4.165853156844231 0.06871250411162313
183.62854606782219 4.460433682401686 0.07158917283732447
187.92642542402749 4.774299745230497 0.07447416141821721
192.32489789255678 5.108411619130476 0.07741511108192856
196.82631788436683 5.4636120988306915 0.08040851198659499
201.4330949160854 5.841092931434529 0.08343302618894853
206.14769489977547 6.241745568332807 0.0865421303700332
210.97264146288668 6.666637111087516 0.08958930997088896
215.91051729910086 7.116766997811622 0.09271498816149101
220.96396555079411 7.593193033554901 0.09584145351621043
226.13569122385616 8.096881980950482 0.09892707777234734
231.4284626356238 8.629849141293814 0.10241759025481519
236.8451128967036 9.193349887702142 0.1064088616737752
242.38854142747726 9.80225846086347 0.11260796690382956
248.06171551010107 10.455368996660408 0.11776864156059354
253.86767187683046 11.156430934983936 0.12386648344540419
259.8095183355196 11.913701135441576 0.13117316443769367
265.89043543316654 12.734399561830928 0.1387236391331406
272.11367815839384 13.621816545590955 0.14682718114131765
278.4825776837764 14.587018438827307 0.1562438748133397
285.00054314894913 15.636646115567755 0.16614440867464875
291.6710634854482 16.783978484195156 0.17782966310241038
298.497709284264 18.039384366994355 0.19050411256695884
305.4841347071041 19.420982597292337 0.20499746114606904
312.6340794423904 20.945070175034193 0.2218820801363098
319.95137070703623 22.63542896634252 0.2408101876390266
327.4399252950765 24.520527895885294 0.2626458283535061
335.1037516742459 26.634468987007043 0.28899290762604407
342.94695213162873 29.019869664510356 0.3198504314236825
350.97372496952755 31.730978257557517 0.3563549653508498
359.18836675272905 34.83434799543874 0.3998554970444359
367.59527460835994 38.411919694965725 0.4523007606035402
376.1989485795864 42.554013391527114 0.5112034221577623
385.0039940343882 47.34356475248609 0.57663999430468
394.01512413071765 52.819602113508815 0.6377702612313383
403.2371623393555 58.91708704188577 0.6812027729684029
412.6750450258144 65.437185913502 0.6949752434622842
422.33382409267284 72.10099673182623 0.6801237925108383
432.2186696837539 78.67327240328089 0.6474144732272139
442.33487295159557 85.02471216569678 0.6079883731825575
452.68784888969503 91.11902606632697 0.5699125556524276
463.28313923104207 96.97383220930942 0.5363556605011284
474.1264154144937 102.63161480182937 0.5082143755770736
485.2234816205777 108.14002586549756 0.48540831129089845
496.5802778783496 113.5462815548858 0.4676147295040187
508.2028832449671 118.89942699904869 0.45403367528506083
520.0975190596831 124.24061174995484 0.44483230963089665
532.2705522739993 129.61913214644002 0.4393701299913424
544.7284988597631 135.07935608241021 0.43793433847589325
557.4780272970322 140.67843638552205 0.44095446080141176
570.525962143573 146.47841864563767 0.4490516683951347
583.8792876879052 152.56844332921708 0.46397240921316363
597.5451516878459 159.06901173399442 0.48855638834854526
611.5308691965561 166.0554358826399 0.5049548133133224
625.843926478137 173.33721309150172 0.512297905243287
640.4919850148711 180.89244280624942 0.519242379261861
655.4828856082551 188.72872277316773 0.5262299660640383
670.8246525760177 196.85326950990242 0.5329190576219508
686.5254980473704 205.27354799940358 0.5395879479579704
702.5938263587897 213.99536761294547 0.545996688063608
719.0382385526866 223.02749382413234 0.5523252349155119
735.8675369813546 232.37576426124934 0.5586611511678345
753.0907300187034 242.04927139985557 0.564609169841331
770.7170368822425 252.05271394958595 0.5704589194525492
788.75589256794 262.3970380943128 0.5762363139855124
807.2169529005799 273.0877095631813 0.5820104658148144
826.1100997023249 284.1347546588898 0.5873911631226951
845.4454460822495 295.54691979836355 0.5928539940282312
865.2333418496789 307.3301575605914 0.5981619515747395
885.4843790542254 319.49615351807944 0.6033167436516016
906.2093976554934 332.05235407573304 0.6083436937264697
927.4194913254844 345.00839015545904 0.6132921856980158
949.1260133868094 358.37330340930356 0.6181142984259113
971.3405828898863 372.15852910909166 0.6229480919693128
994.0750908323765 386.3719779061748 0.6274270604664891
1017.3417065241894 401.0254398804342 0.632361871072821
1041.1528841014601 416.12985713938946 0.6362903721942719
1065.5213691929912 431.6926924064619 0.6408518847960064
1090.460205742722 447.7294041306465 0.6452269870025864
1115.9827429918817 464.2522141749164 0.6492642379219737
1142.10264262456 481.26764221359736 0.653428666170249
1168.8338860805238 498.7877565607775 0.65755280156199
1196.1907820391907 516.833910900456 0.6615199222130895
1224.1879740787685 535.4059757784827 0.6652859300627258
1252.8404485146584 554.52743290416 0.6692029997578047
1282.163542421318 574.2020151111345 0.6730458739443066
1312.172951841879 594.4545840798095 0.6765900360788258
1342.884740189913 615.2869612116305 0.6800624018496171
1374.315346847843 636.7236445389962 0.6834713224895848
1406.4815959666098 658.7729560370489 0.6873692117196307
1439.4007054712667 681.4477755095995 0.6905039425158254
1473.0902962774117 704.7733790026629 0.6940252600588255
1507.5684017232754 728.7598717016616 0.6973285400246069
1542.8534772225976 753.416410849028 0.7007613939456809
1578.9644101434267 778.7683011699794 0.7039904989939053
1615.9205299181367 804.8319352022512 0.7067449390960117
1653.7416183900693 831.6224352807594 0.7099842302270898
1692.447920402345 859.153435911496 0.7127691111862304
1732.0601546345065 887.4488290153731 0.7158811859125552
1772.5995246927973 916.5325007877742 0.7187154756285228
1814.087730460013 946.4097070480119 0.72135045380731
1856.5469797109968 977.109732404506 0.7241066929840468
1900.0 1008.6428876660964 0.7272670956061097
