1e-07 8.519935900130531e-13 1.3903397512978206e-05
1.023405289908563e-07 8.84718372601987e-13 1.4060925176742497e-05
1.0473583874128298e-07 9.18605649809829e-13 1.4233103179807564e-05
1.071872114108392e-07 9.537070394972121e-13 1.4406225817225576e-05
1.0969595916840032e-07 9.900849154640393e-13 1.4589445211455244e-05
1.1226342489453461e-07 1.0277529545173277e-12 1.4753729555854613e-05
1.1489098290031937e-07 1.0667336569918899e-12 1.4925084202428328e-05
1.175800396629811e-07 1.1071338716864027e-12 1.5107822511639479e-05
1.2033203457875375e-07 1.1489311156713742e-12 1.5293446198575644e-05
1.231484407333567e-07 1.1923092681487322e-12 1.5498052142486888e-05
1.260307656905084e-07 1.2372256940898833e-12 1.5630729525389904e-05
1.289805522988929e-07 1.2835756459218247e-12 1.584233364569373e-05
1.3199937951801506e-07 1.331675576477098e-12 1.599264952795576e-05
1.3508886326338464e-07 1.3813598941121682e-12 1.618475601203664e-05
1.3825065727148236e-07 1.4327902101660775e-12 1.6335517779521653e-05
1.4148645398497078e-07 1.4860457648456315e-12 1.659332637954015e-05
1.4479798545862358e-07 1.5412883217477224e-12 1.676606210529185e-05
1.4818702428645853e-07 1.5984640097242744e-12 1.6975137917689397e-05
1.5165538455057036e-07 1.6576790740660722e-12 1.7170731250088053e-05
1.5520492279217105e-07 1.7189740840533658e-12 1.7367457851707907e-05
1.5883753900535794e-07 1.7824536899742596e-12 1.758030325231163e-05
1.6255517765414102e-07 1.8481905609623116e-12 1.7794528788275526e-05
1.6635982871327448e-07 1.9163967638053576e-12 1.8052534734966463e-05
1.7025352873344754e-07 1.9871771284413436e-12 1.8290197497246966e-05
1.7423836193140975e-07 2.0604733469101936e-12 1.853795299789497e-05
1.783164613056075e-07 2.1367125856202126e-12 1.8791821647317292e-05
1.824900097779343e-07 2.215583917180326e-12 1.9053649991081892e-05
1.8676124136220332e-07 2.2976507077761004e-12 1.9380560191287293e-05
1.911324423599688e-07 2.383049862554894e-12 1.9675717490706947e-05
1.9560595258433557e-07 2.4717682294253988e-12 1.9995601986720317e-05
2.0018416661241256e-07 2.5640666199367027e-12 2.0318843660086234e-05
2.0486953506708013e-07 2.660220939479092e-12 2.073854283177144e-05
2.0966456592875765e-07 2.7606262226737407e-12 2.1139377428792896e-05
2.1457182587787323e-07 2.865248056621006e-12 2.1498692178588097e-05
2.1959394166875453e-07 2.9745879141209527e-12 2.2042967040447922e-05
2.247336015356758e-07 3.089129512152402e-12 2.2532062629618668e-05
2.2999355663181375e-07 3.209014113323991e-12 2.304974421133256e-05
2.3537662250188283e-07 3.334529038115375e-12 2.3549525960024283e-05
2.408856805892383e-07 3.465132159436169e-12 2.386445633032897e-05
2.465236797782509e-07 3.6004495072115223e-12 2.4144826174934276e-05
2.522936379727866e-07 3.740605112661133e-12 2.4469336085657337e-05
2.581986437116257e-07 3.8862811955255944e-12 2.4813160619696465e-05
2.6424185782169406e-07 4.037068363685233e-12 2.5087921451261893e-05
2.7042651510998805e-07 4.193170598349532e-12 2.5440462645125664e-05
2.767559260950997e-07 4.3553455043507194e-12 2.577603747210758e-05
2.8323347877926835e-07 4.5232768006898814e-12 2.6061903540939293e-05
2.8986264046190795e-07 4.69706789683581e-12 2.637379979815406e-05
2.9664695959558045e-07 4.877231985054128e-12 2.6751735363947905e-05
3.0359006768540875e-07 5.064044251679916e-12 2.7051229757266038e-05
3.1069568123294597e-07 5.2573092312375266e-12 2.734404064889708e-05
3.1796760372554155e-07 5.457584896894164e-12 2.7738073043919587e-05
3.254097276722696e-07 5.665047901184623e-12 2.8018896594970107e-05
3.3302603668750555e-07 5.8796832293603934e-12 2.8346797355696056e-05
3.408206076232763e-07 6.102206394197776e-12 2.8733307967130907e-05
3.487976127515117e-07 6.332575624858545e-12 2.9037213675607407e-05
3.569613219973755e-07 6.571027882325806e-12 2.9387155490175235e-05
3.65316105224868e-07 6.818186943743568e-12 2.975852906099746e-05
3.738664345759231e-07 7.0740455679362205e-12 3.0100054357555603e-05
3.8261688686425334e-07 7.33903305120239e-12 3.0466076974281678e-05
3.91572146025223e-07 7.613530922621808e-12 3.082591211365255e-05
4.0073700562306146e-07 7.89771243791748e-12 3.119896576995258e-05
4.1011637141675867e-07 8.192197413567329e-12 3.160059434546262e-05
4.197152639860158e-07 8.497455209311962e-12 3.199433299848027e-05
4.295388214186575e-07 8.813866126115365e-12 3.24386068237677e-05
4.395923020609436e-07 9.141860723082625e-12 3.278919417016028e-05
4.4988108733225257e-07 9.481769886893762e-12 3.330059857087889e-05
4.6041068460564346e-07 9.834709799864602e-12 3.373317495674419e-05
4.7118673015583947e-07 1.0200689550826172e-11 3.419265009219944e-05
4.822149921762047e-07 1.0580664473265301e-11 3.471716107297033e-05
4.935013738663442e-07 1.0975752313336488e-11 3.5283848948075616e-05
5.050519165919601e-07 1.1386047091079377e-11 3.579338328033649e-05
5.168728031186703e-07 1.1813457630629608e-11 3.647181879247251e-05
5.289703609215143e-07 1.2257782227853888e-11 3.7016406111556106e-05
5.413510655719195e-07 1.2719900368013328e-11 3.770072578693945e-05
5.540215442039397e-07 1.3203060436840352e-11 3.845279376541646e-05
5.669885790616227e-07 1.3705659279807554e-11 3.919875092923524e-05
5.802591111294041e-07 1.4231799281962746e-11 4.007834438589235e-05
5.938402438474729e-07 1.4781005900064974e-11 4.0654333965641675e-05
6.077392469140946e-07 1.534936338097931e-11 4.113038496241203e-05
6.219635601769308e-07 1.5938206039158753e-11 4.169312996099664e-05
6.365207976154351e-07 1.654818630829759e-11 4.206276548385072e-05
6.514187514164541e-07 1.717879175536465e-11 4.262171206253311e-05
6.666653961452302e-07 1.7832173100940726e-11 4.3078032090631743e-05
6.822688930140163e-07 1.8508078013844297e-11 4.355674268058388e-05
6.982375942506037e-07 1.9207018051991634e-11 4.398216396542552e-05
7.145800475690966e-07 1.9929378135717797e-11 4.4424526601822675e-05
7.31305000745326e-07 2.0676648735328694e-11 4.4931139761904504e-05
7.484214062993522e-07 2.1450184061157095e-11 4.542931509002178e-05
7.659384262875629e-07 2.2249148544672487e-11 4.5822268006002505e-05
7.838654372069317e-07 2.3074994463212194e-11 4.630645148123471e-05
8.022120350140625e-07 2.3929061391004782e-11 4.678656832045778e-05
8.209880402617049e-07 2.4811935699731524e-11 4.7218083057757504e-05
8.40203503355493e-07 2.5723062175527377e-11 4.767449844045909e-05
8.598687099337185e-07 2.6665616964608887e-11 4.815916657393906e-05
8.799941863730193e-07 2.7639722224143062e-11 4.866130190649323e-05
9.005907054229298e-07 2.8646776977382436e-11 4.909724417079578e-05
9.216692919723106e-07 2.968661887362967e-11 4.957588837209779e-05
9.432412289507444e-07 3.076167944358116e-11 5.010649291868062e-05
9.653180633680459e-07 3.1872863619378775e-11 5.05457117710495e-05
9.879116124951474e-07 3.302058124610677e-11 5.105440757162203e-05
1.0110339701896322e-06 3.420628449091391e-11 5.150619589837926e-05
1.034697513369326e-06 3.54340423558596e-11 5.2246414794225424e-05
1.0589149086374042e-06 3.6705870297824824e-11 5.2776212482156894e-05
1.083699119062562e-06 3.801730873509705e-11 5.3143241118112234e-05
1.1090634111178757e-06 3.9377786080551416e-11 5.400843519754623e-05
1.1350213617820691e-06 4.078521799772139e-11 5.446908106105137e-05
1.1615868658069904e-06 4.2238886098835525e-11 5.508206364508979e-05
1.188774143155182e-06 4.374875221892915e-11 5.5977603830980906e-05
1.2165977466115351e-06 4.531887639507459e-11 5.668032318346954e-05
1.2450725695730824e-06 4.694054088995083e-11 5.746561802827458e-05
1.27421385402114e-06 4.8630045903321746e-11 5.846730890796198e-05
1.304037198680012e-06 5.038682840055564e-11 5.924075464201911e-05
1.334558567366668e-06 5.220973111485326e-11 6.029767062137035e-05
1.3657942975358412e-06 5.411205573002032e-11 6.153766702166166e-05
1.3977611090251296e-06 5.60969713139799e-11 6.260942486301937e-05
1.4304761130047772e-06 5.816618368658019e-11 6.389754144845466e-05
1.4639568211369282e-06 6.033412637717224e-11 6.563454742926071e-05
1.4982211549492563e-06 6.259489788129968e-11 6.632746348127912e-05
1.5332874554279858e-06 6.493703002850299e-11 6.7249764260029e-05
1.5691744928354404e-06 6.736702815248118e-11 6.814975199172315e-05
1.6059014767573762e-06 6.988167791406576e-11 6.88529354814554e-05
1.643488066385472e-06 7.248973277817059e-11 6.985301603024024e-05
1.6819543810404875e-06 7.519230640660505e-11 7.06106521398281e-05
1.7213210109417176e-06 7.798273320885599e-11 7.134153160350654e-05
1.761609028228509e-06 8.088013238257551e-11 7.228704153604085e-05
1.8028399982397393e-06 8.387448820679706e-11 7.298265369943014e-05
1.8450359910572934e-06 8.697035765908332e-11 7.385134754670602e-05
1.888219593319726e-06 9.017941259543607e-11 7.473963465506287e-05
1.932413920312403e-06 9.349815220325095e-11 7.53263228002582e-05
1.9776426283406576e-06 9.692573073128865e-11 7.642326979195089e-05
2.023929927392503e-06 1.0047603967794156e-10 7.679855619421119e-05
2.071300594097741e-06 1.0413688147389034e-10 7.786290732953336e-05
2.1197799849903774e-06 1.0792977838679365e-10 7.858783050490057e-05
2.169394050081446e-06 1.118462426534337e-10 7.928705248960157e-05
2.220169346749514e-06 1.1589049385405303e-10 8.000959363380067e-05
2.2721330539562915e-06 1.2006530374408475e-10 8.068587145891083e-05
2.325312986794967e-06 1.2438037377904257e-10 8.152668055571032e-05
2.3797376113790494e-06 1.2882561386780015e-10 8.197035408072358e-05
2.435436060079692e-06 1.3342360153113608e-10 8.292983711183496e-05
2.4924381471196257e-06 1.381595351413346e-10 8.333687363182474e-05
2.550774384532122e-06 1.4303863639055365e-10 8.39764357461162e-05
2.6104759984934325e-06 1.4807411697480793e-10 8.46280465180031e-05
2.6715749460375167e-06 1.5326215931540984e-10 8.528283298505337e-05
2.734103932161978e-06 1.5861470167125032e-10 8.573025262293111e-05
2.798096427334371e-06 1.641154944389154e-10 8.63390285395299e-05
2.863586685408246e-06 1.6978547467914168e-10 8.668187075943819e-05
2.930609761958527e-06 1.756126083591472e-10 8.728453742029929e-05
2.999201533046031e-06 1.8161726007127312e-10 8.778865224870129e-05
3.06939871442118e-06 1.8778897113959517e-10 8.80081841834371e-05
3.1412388811771777e-06 1.9413383356605214e-10 8.865656280094651e-05
3.2147604878631796e-06 2.0066041910041988e-10 8.888012594923629e-05
3.2900028890682103e-06 2.0735667987298238e-10 8.912727975579876e-05
3.3670063604868617e-06 2.1424435910970226e-10 8.969887578392621e-05
3.445812120478032e-06 2.213127713916995e-10 8.974641375753853e-05
3.5264623521282605e-06 2.2856062738868945e-10 9.00086208190533e-05
3.609000225831455e-06 2.360076134203899e-10 9.034195405870593e-05
3.693469922397117e-06 2.436423388398558e-10 9.017610226126621e-05
3.779916656699379e-06 2.514037969365988e-10 8.919213298168324e-05
3.868386701879634e-06 2.592355301264795e-10 8.78978418856223e-05
3.9589274141155565e-06 2.6714046659374215e-10 8.697595864509875e-05
4.0515872579698884e-06 2.7516672446724635e-10 8.617653270360612e-05
4.1464158323325134e-06 2.833166898675918e-10 8.591498018505041e-05
4.243463896969711e-06 2.916616024553052e-10 8.61109349139443e-05
4.342783399694807e-06 3.002435023936434e-10 8.672821529650236e-05
4.444427504174759e-06 3.091256271324388e-10 8.810381674765737e-05
4.54845061838756e-06 3.183944691476257e-10 9.013483692541764e-05
4.654908423745703e-06 3.281406067648704e-10 9.300938782893904e-05
4.763857904901293e-06 3.383681252145028e-10 9.472833784422343e-05
4.875357380248707e-06 3.4900455514155186e-10 9.609236045940664e-05
4.98946653314128e-06 3.600660335088327e-10 9.778124516117958e-05
5.106246443838524e-06 3.7159192399838323e-10 9.95663887927937e-05
5.225759622201133e-06 3.8358375609327387e-10 0.00010117636374549178
5.348070041151213e-06 3.9607365848679133e-10 0.00010300058078968082
5.473243170915657e-06 4.0907426989094654e-10 0.00010475547949468118
5.601346014071e-06 4.2261306358830224e-10 0.00010659637965504248
5.7324471414085055e-06 4.367097440700761e-10 0.00010847757069446629
5.8666167286386844e-06 4.5139471394660477e-10 0.00011041546731020597
6.003926593954898e-06 4.66686709576186e-10 0.0001122512297575832
6.144450236476143e-06 4.825951202565795e-10 0.00011422478776445986
6.288262875589606e-06 4.991601124439969e-10 0.00011608238747728419
6.435441491214034e-06 5.163977423217073e-10 0.00011822095401807414
6.586064865005493e-06 5.343515048047727e-10 0.00012014219979433436
6.740213622527547e-06 5.530179184836903e-10 0.00012204005087088734
6.8979702764084495e-06 5.72425678805817e-10 0.0001240075850011364
7.0594192705084395e-06 5.926099506116634e-10 0.00012602478488451431
7.2246470251208e-06 6.135893830321885e-10 0.00012791428981903742
7.393741983230789e-06 6.353699446040556e-10 0.0001296988654621452
7.566794657857419e-06 6.579675003945875e-10 0.00013146074013186814
7.743897680503136e-06 6.814054203827768e-10 0.00013321213541494029
7.92514585073756e-06 7.05710439719933e-10 0.0001348900086383462
8.110636186941718e-06 7.308653809793108e-10 0.0001363560850906274
8.300467978239971e-06 7.56894020893151e-10 0.00013778455289892853
8.49474283764742e-06 7.837921615326447e-10 0.00013904641399856854
8.693564756461246e-06 8.115491256426269e-10 0.00014005033534259632
8.897040159925088e-06 8.401412317057541e-10 0.0001410427681370235
9.105277964196262e-06 8.688340008325953e-10 0.00011411446287424254
9.318389634646344e-06 9.233363675951266e-10 0.0007776852817286547
9.53648924552619e-06 1.0654918902275493e-09 0.0002022369509473082
9.759693541027623e-06 1.0959435544639014e-09 0.00011433644807014382
9.988121997774104e-06 1.1286151921185812e-09 0.00015270534516125277
1.0221896888774101e-05 1.1642622060694344e-09 0.00015083217156089168
1.0461143348871297e-05 1.2000322069075805e-09 0.00014949889233982215
1.0705989441726664e-05 1.2371961954074836e-09 0.0001540316756565502
1.0956566228368292e-05 1.276063321740598e-09 0.00015559453638657917
1.1213007837345621e-05 1.3160801823562964e-09 0.00015659837220397834
1.1475451536525683e-05 1.3572107937984174e-09 0.00015637612294341888
1.1744037806569732e-05 1.3993231711904648e-09 0.000158165495769903
1.201891041612962e-05 1.4436585181127897e-09 0.00016395418167405978
1.230021649880418e-05 1.4896113963223898e-09 0.00016105517249967373
1.258810663189678e-05 1.5355276694052906e-09 0.00015953856431395408
1.2882734917016228e-05 1.5833445232659854e-09 0.00016485527360237488
1.318425906256416e-05 1.6333935345966514e-09 0.00016640666987788232
1.3492840468153072e-05 1.6849053137878008e-09 0.000167498765651132
1.3808644311000185e-05 1.7378058253026721e-09 0.00016698251522903853
1.4131839634343373e-05 1.7919464944554434e-09 0.0001691813253806315
1.44625994379265e-05 1.849109593412019e-09 0.00017571600295321671
1.480110077060262e-05 1.9082467996248166e-09 0.00017179250260325796
1.5147524825104427e-05 1.967173373688034e-09 0.00017029964450704097
1.550205703503315e-05 2.0287041089905333e-09 0.00017643099566935414
1.586488717411718e-05 2.0931299144818478e-09 0.00017782864724860805
1.6236209457794034e-05 2.1593584510072717e-09 0.00017889265428446574
1.6616222647169854e-05 2.2273287631528108e-09 0.00017827737059954442
1.7005130155412094e-05 2.296939759681239e-09 0.00018093672842826655
1.740314015663236e-05 2.3705418338922637e-09 0.00018788251473706843
1.7810465697317732e-05 2.4465113245428107e-09 0.00018319662887342642
1.822732481036997e-05 2.522197843548652e-09 0.0001820016889357634
1.865394063181422e-05 2.6013827591843568e-09 0.0001886495167509123
1.9090541520238954e-05 2.684229064122469e-09 0.00018989377117867258
1.9537361179031605e-05 2.769357015078096e-09 0.00019105707571289611
1.9994638781475142e-05 2.856702337723408e-09 0.00019043438410670002
2.046261909877256e-05 2.946245978944764e-09 0.00019351449597934388
2.094155263106783e-05 3.0409078516011956e-09 0.00020051017623566274
2.1431695741533404e-05 3.138380782948982e-09 0.00019539507509817056
2.1933310793596105e-05 3.235682558894048e-09 0.00019469073066413054
2.2446666291374834e-05 3.337566244114899e-09 0.00020149687984696217
2.2972037023405232e-05 3.443980121745191e-09 0.0002026310604458288
2.3509704209728272e-05 3.5533511223135935e-09 0.00020398371128894005
2.4059955652421524e-05 3.6655662943622317e-09 0.0002034079403302672
2.4623085889653616e-05 3.780726728373804e-09 0.0002068559985420003
2.5199396353344406e-05 3.902324312216994e-09 0.00021366256360622708
2.5789195530515217e-05 4.027291958263796e-09 0.0002084893843915175
2.639279912841554e-05 4.1524793168150486e-09 0.00020840060255449493
2.7010530243514573e-05 4.283552814107171e-09 0.00021510604091203798
2.764271953444804e-05 4.420168355857335e-09 0.00021628033224685173
2.828970539901289e-05 4.560623029638898e-09 0.0002176943590740087
2.8951834155304625e-05 4.704768774676441e-09 0.00021731684337315447
2.9629460227094224e-05 4.8528830412772676e-09 0.0002210288848543872
3.03229463335436e-05 5.008898335686252e-09 0.00022736562886344045
3.103266368336199e-05 5.169026749367956e-09 0.0002225722466641482
3.1758992173506e-05 5.330195595042845e-09 0.00022315089721449143
3.2502320592530694e-05 5.498748858666824e-09 0.00022945247705102043
3.326304682869993e-05 5.674024067947463e-09 0.00023073813484942343
3.404157808296776e-05 5.854328024881133e-09 0.00023226521553619135
3.483833108694467e-05 6.039485076464962e-09 0.0002322348603040132
3.5653732325965114e-05 6.229977368976223e-09 0.00023604104124877015
3.6488218267376626e-05 6.429909947414353e-09 0.00024164821166108234
3.73422355941715e-05 6.635012128998003e-09 0.00023772230085032807
3.821624144408694e-05 6.842595713301945e-09 0.00023895194603675276
3.9110703654301435e-05 7.0592300098140515e-09 0.0002445876347315215
4.0026101011858253e-05 7.283996465784638e-09 0.00024607368581731865
4.096292350995022e-05 7.515396693712885e-09 0.0002477682842297586
4.192167261020289e-05 7.753224746822102e-09 0.00024819330818516333
4.2902861511096555e-05 7.998147339807831e-09 0.00025186495363665686
4.3907015422670694e-05 8.254021849131164e-09 0.0002565373597190287
4.493467184765805e-05 8.516702658770826e-09 0.0002541134909437662
4.598638086919862e-05 8.784250892646488e-09 0.00025589581406789135
4.706270544528781e-05 9.062531966124914e-09 0.0002605355213090063
4.8164221710116075e-05 9.350612598818716e-09 0.00026230211569927645
4.929151928246164e-05 9.64745617440855e-09 0.00026420883230528116
5.044520158130118e-05 9.952903836162458e-09 0.00026525418723329433
5.162588614880743e-05 1.0267704434655054e-08 0.0002685205556979745
5.2834204980906736e-05 1.0594815719476395e-08 0.0002721436291091762
5.4070804865573294e-05 1.0931264009962114e-08 0.00027177616577401154
5.5336347729041376e-05 1.1276149394110215e-08 0.0002739186584674628
5.663151099012063e-05 1.1633391790568697e-08 0.000277376210861621
5.7956987922804495e-05 1.2002499294286671e-08 0.00027949252675320936
5.931348802736482e-05 1.2383161688728793e-08 0.0002816712500931629
6.070173741013337e-05 1.277548258022941e-08 0.00028354297547456757
6.2122479172171e-05 1.3179996938636023e-08 0.00028601706184739196
6.357647380703433e-05 1.3597722812787201e-08 0.00028850908476824163
6.506449960785212e-05 1.4028739974808162e-08 0.00029084403595998397
6.658735308392948e-05 1.4473356489270292e-08 0.0002929895588304699
6.814584938710283e-05 1.4931466310288384e-08 0.00029497293670299274
6.974082274807324e-05 1.54039250713844e-08 0.00029749036924027087
7.137312692295359e-05 1.5891545741120346e-08 0.00029996693437503577
7.304363565026598e-05 1.6394967747101967e-08 0.00030276033823550125
7.47532431186359e-05 1.6913940445544918e-08 0.0003039494162148975
7.650286444543286e-05 1.7446327940575628e-08 0.0003054053389895645
7.829343616661371e-05 1.7997881720900512e-08 0.0003108082378881852
8.012591673803087e-05 1.8569917454197126e-08 0.00031260966716570966
8.200128704847386e-05 1.9156191292097645e-08 0.0003131905548810998
8.392055094471868e-05 1.9760159044762853e-08 0.00031626106838927474
8.588473576886614e-05 2.0384112610116067e-08 0.00031910585836831054
8.789489290825678e-05 2.1029309622344318e-08 0.0003227668791668093
8.995209835825662e-05 2.169386536006285e-08 0.00032228558676121303
9.205745329821518e-05 2.23713819907251e-08 0.00032304147591832676
9.42120846809039e-05 2.3076918607501095e-08 0.00033195388357773454
9.641714583575055e-05 2.3812006882752784e-08 0.0003329014407796069
9.867381708619248e-05 2.4560995293418783e-08 0.0003320214462043983
0.00010098330638147942 2.5332120731420864e-08 0.00033584463458482134
0.00010334684994326319 2.612970550192589e-08 0.0003391024422791664
0.00010576571292732201 2.6955547727379496e-08 0.00034351724766340476
0.00010824119010077183 2.780499502629308e-08 0.00034115363154292887
0.00011077460653512827 2.8666591695149918e-08 0.00034165085004392835
0.00011336731831559005 2.956855588371727e-08 0.0003539466481013426
0.00011602071326692277 3.051102472258222e-08 0.00035363230007889223
0.00011873621169633335 3.146651027045849e-08 0.00035165885781693156
0.00012151526715373054 3.2449922861380346e-08 0.00035604841052679065
0.00012435936720978007 3.3467555843482105e-08 0.00035964413764990623
0.00012727003425217043 3.4522484272281175e-08 0.00036474616105855825
0.0001302488263005152 3.560561864490892e-08 0.00036032683565712315
0.00013329733784032895 3.6699749999407875e-08 0.0003609578844617125
0.00013641720067652152 3.7850870058868854e-08 0.0003763467046179865
0.0001396100848068701 3.9055202198791155e-08 0.00037433599824022
0.00014287769931593396 4.02708722752117e-08 0.000371592968539688
0.00014622179328989187 4.152200732777006e-08 0.0003764905531218452
0.00014964415675279176 4.2816921218001065e-08 0.0003803602397046303
0.0001531466216247133 4.4160157192351706e-08 0.00038587782988487893
0.0001567310627023567 4.553701311340642e-08 0.0003799758859232517
0.00016039939866258266 4.6925849214553215e-08 0.00038109712402741686
0.0001641535930894396 4.838960193901668e-08 0.00039754795844612893
0.0001679956555252302 4.991830286785036e-08 0.0003942719867973208
0.00017192764254617729 5.145982798419368e-08 0.00039163185934535825
0.00017595165886326634 5.304638770312332e-08 0.0003966128920313617
0.00018006985844885366 5.4687060778973127e-08 0.0004002057364455821
0.00018428444568964296 5.638580530124379e-08 0.0004050324549484147
0.00018859767656664807 5.812491164252603e-08 0.0003993591768632344
0.00019301185986277187 5.988391236247841e-08 0.00040102290066096785
0.00019752935839865095 6.173071693953988e-08 0.0004152051913284608
0.00020215259029742383 6.364913834808271e-08 0.00041144026664039033
0.00020688403027910196 6.558665691447822e-08 0.0004091452185723801
0.00021172621098523625 6.757907853940582e-08 0.00041360123214724407
0.00021668172433458727 6.963357213987059e-08 0.000415075006630174
0.00022175322291052583 7.174347069254533e-08 0.0004165734258859456
0.00022694342138090487 7.38988088192388e-08 0.00041377870803696164
0.00023225509795116612 7.609122321946348e-08 0.00041174463143220857
0.00023769109585145484 7.831460329615393e-08 0.0004065288824010315
0.00024325432485854218 8.06032775317561e-08 0.00041919950925933645
0.0002489477628533681 8.302226981866847e-08 0.000430948526643367
0.00025477445741503937 8.557868726151998e-08 0.0004475371968786809
0.00026073752745213517 8.827059158126172e-08 0.0004518591074181371
0.0002668401648721946 9.103030021637187e-08 0.0004536479793494048
0.000273085636290277 9.387653629137131e-08 0.0004579622134007714
0.0002794772847775153 9.681564296316403e-08 0.00046140492554623964
0.0002860185316505911 9.984217187845563e-08 0.00046411417304501767
0.0002927128783030946 1.0296081572862545e-07 0.0004676642463229587
0.00029956390807974847 1.0617684720770614e-07 0.0004712720468956159
0.0003065752881944971 1.0949600016228765e-07 0.00047556277692374285
0.00031375077169349086 1.1292012505565702e-07 0.00047847167398674663
0.0003210941994640123 1.1644175497472134e-07 0.000481098323970793
0.0003286095022904255 1.200763727977376e-07 0.000486423348041594
0.00033630070295824146 1.2383297122976295e-07 0.0004898099168748789
0.0003441719184074326 1.2769443399389609e-07 0.0004917296691243812
0.00035222736193614483 1.316719669685096e-07 0.0004960455859047801
0.00036047134545598864 1.357783313741861e-07 0.0005000994996012626
0.00036890828180011616 1.4001510796766173e-07 0.0005043180266094816
0.0003775426870853177 1.443835040836445e-07 0.000507170227000037
0.0003863791831294074 1.4887411848884237e-07 0.0005098556350135382
0.00039542249992518494 1.5351256650520464e-07 0.0005163252850769709
0.00040467747817230263 1.5831020181217781e-07 0.000519437822928298
0.0004141490718683915 1.6323154411514103e-07 0.0005204371521308386
0.0004238423509608335 1.6829972137307348e-07 0.0005256660856989413
0.0004337625040605987 1.7353768115984548e-07 0.0005301294001784425
0.00044391484121960163 1.789402724567904e-07 0.0005343003536280776
0.0004543047967730601 1.845078656226075e-07 0.0005370000877159216
0.00046493793224838435 1.902278138271248e-07 0.0005397554589363717
0.0004758199393421456 1.961411985072365e-07 0.0005474675015998794
0.00048695664296672335 2.022603080982588e-07 0.0005499865418822876
0.0004983540043682601 2.0852201209832389e-07 0.0005499154278489902
0.0005100181243175925 2.1496967588038313e-07 0.0005561421410836078
0.0005219552463758677 2.2163929791432205e-07 0.000560920871004696
0.0005341717602365903 2.2851609573324533e-07 0.0005650726875690059
0.0005466742051458951 2.3559857980481037e-07 0.0005673145331490041
0.000559469273402868 2.428674878229976e-07 0.0005700569130014868
0.0005725638139417951 2.503891720206261e-07 0.0005791754635338087
0.0005859648359982553 2.5817394767660967e-07 0.0005806300161704176
0.0005996795128610181 2.6611639903029976e-07 0.0005792311834552182
0.0006137151857117567 2.742934705108226e-07 0.0005865483743633335
0.0006280793675546278 2.827578388526422e-07 0.0005913145355469567
0.0006427797472378308 2.9147499940114673e-07 0.0005949197997943329
0.0006578241935692849 3.00440513157544e-07 0.0005962115624517113
0.0006732207595286407 3.09627908176894e-07 0.0005985739369417803
0.0006889776865778715 3.191334167228801e-07 0.0006083202780732804
0.0007051034090727575 3.289562086145792e-07 0.0006072444302062752
0.0007216065587776216 3.3893190196502405e-07 0.0006036098658745857
0.0007384959694857329 3.491722047016061e-07 0.0006102412865255393
0.0007557806817478518 3.597369708882707e-07 0.0006097676282590726
0.0007734699477114517 3.70554646251965e-07 0.0006125357405123714
0.0007915732360731991 3.8127626258223756e-07 0.0005589477830868154
0.0008101002371473517 3.9120753910978064e-07 0.0005345886529588196
0.0008290608680527811 4.0194789719042986e-07 0.000593202432825707
0.0008484652780214013 4.136504496501532e-07 0.0006049668156988158
0.0008683238538308426 4.257767494299398e-07 0.0006153280047677968
0.000888647225364274 4.3827736678194456e-07 0.0006142279931296871
0.0009094462713003649 4.510890779293765e-07 0.0006191734243197165
0.0009307321249364116 4.643602507435406e-07 0.0006270790031007703
0.0009525161801477611 4.780930147718957e-07 0.0006344635768383523
0.0009748100974867164 4.923160115583904e-07 0.0006392289186865408
0.0009976258104241874 5.068244918325401e-07 0.0006326614889605791
0.0010209755317374307 5.217168353555661e-07 0.0006478297877737177
0.0010448717600472944 5.374654295018138e-07 0.0006648412960158553
0.0010693272865084718 5.536224139547737e-07 0.0006557416431136426
0.0010943552016563394 5.700516820007381e-07 0.0006602499457047992
0.0011199689024140522 5.871135336765661e-07 0.0006703710094685129
0.0011461820992636283 6.047541545610607e-07 0.0006759962729706236
0.0011730088235848988 6.229586004392864e-07 0.0006792663260452972
0.0012004634351662055 6.415221360346724e-07 0.0006735081580888304
0.0012285606298909 6.605741813324796e-07 0.0006867568394545433
0.0012573154476037433 6.805704383745576e-07 0.0006994740603487807
0.0012867432801614235 7.010504919183484e-07 0.0006932148082775182
0.0013168598796714968 7.218930104258475e-07 0.0006909415689889657
0.0013476813669241635 7.431360845281145e-07 0.0006880607044974403
0.001379224240021392 7.648542896636598e-07 0.0006868703182526441
0.00141150538320801 7.870726178907325e-07 0.0006952880696890616
0.0014445420759094905 8.106226802043027e-07 0.0007280438453946404
0.0014783520019812696 8.350969290300078e-07 0.0007093551449661406
0.0015129532591745456 8.592703296360399e-07 0.0006976936340960081
0.0015483643688236342 8.845450826147309e-07 0.000729303525706383
0.0015846042857600405 9.111724763789313e-07 0.0007348193360061253
0.0016216924084586054 9.384278561505747e-07 0.000735881222403012
0.0016596485894210947 9.663039697034156e-07 0.0007311467801449206
0.001698493145802833 9.947110346709193e-07 0.000735125240688542
0.0017382468702880555 1.0247973141666115e-06 0.0007740387066475556
0.0017789310422197996 1.0544978642274734e-06 0.0006507714529281088
0.001820567438990296 1.0792651836595e-06 0.0005925487610393247
0.0018631783476979538 1.1084249495769464e-06 0.0007760037570363735
0.0019067865770771818 1.1434819348078694e-06 0.0007952782639212546
0.0019514154697074296 1.1787183496948487e-06 0.0007921651899913582
0.0019970889145079864 1.2150215968333491e-06 0.0007975666556727255
0.0020438313595252233 1.2524285300792867e-06 0.0008028133046398616
0.0020916678250191235 1.2909335815262948e-06 0.0008072385747166845
0.002140623916856109 1.330633141732536e-06 0.000815311497001315
0.0021907258402153345 1.371678634078335e-06 0.0008222088708854522
0.0022420004136157546 1.4139123727099374e-06 0.0008253250351126502
0.002294475083271549 1.4573757961165376e-06 0.0008318884298284496
0.002348177937783494 1.5022464566854982e-06 0.0008388250869421584
0.002403137723174208 1.5485053568157038e-06 0.0008446922928886197
0.0024593838582753044 1.5961734200844257e-06 0.000849927912937075
0.002516946450474678 1.64519571050788e-06 0.0008537957512377678
0.0025758563118323664 1.6957491369855856e-06 0.0008635230219229941
0.0026361449755736045 1.7480762330069733e-06 0.0008709982330298456
0.002697844712967906 1.8018814469645004e-06 0.0008734992391950089
0.002760988550603204 1.8572358303834602e-06 0.0008806208108179426
0.0028256102880642947 1.91438788118669e-06 0.0008878524136786866
0.0028917445160250577 1.973304632621665e-06 0.0008940363671832421
0.0029594266347641213 2.0340138952684748e-06 0.0008995713539226719
0.0030286928731138984 2.0964596273302793e-06 0.000904005009843132
0.003099580307853134 2.160860022444874e-06 0.0009138326195998143
0.003172126883553309 2.2274670687756715e-06 0.000921174054756894
0.0032463714328896205 2.2959553838346952e-06 0.0009242167799316746
0.0033223536974272792 2.366445268873788e-06 0.0009320532267973123
0.0034001143488943506 2.439240987492687e-06 0.0009397577777539287
0.0034796950109524877 2.514256457649131e-06 0.0009456051393891124
0.0035611382814772106 2.5915227197881112e-06 0.0009517539784251064
0.0036444877553596664 2.6710813684283106e-06 0.0009575732533999793
0.003729788047842067 2.7531236639768657e-06 0.0009665230006808747
0.0038170848183993037 2.837845114999539e-06 0.0009736509211732423
0.003906424795179514 2.9250146386956994e-06 0.000978116296873503
0.003997855800016689 3.014793021088886e-06 0.000986388014021543
0.00409142677402871 3.107488475625717e-06 0.0009943081165606233
0.004187187803814508 3.2029670540338565e-06 0.0009998397882161408
0.004285190148264394 3.301283114883184e-06 0.0010068043561392585
0.00438548626599784 3.402624649023477e-06 0.0010140203500494536
0.00448812984344354 3.5071077313439323e-06 0.0010220111013431172
0.00459317582357661 3.6148607738664226e-06 0.0010290965021201785
0.004700680435328423 3.7306977182505334e-06 0.0011160521586648453
0.004810701223684794 3.836725786825149e-06 0.0007199732097941294
0.004923297080488616 3.90264268396432e-06 0.000572921043920491
0.005038528275963433 3.99342798270071e-06 0.0010240524571268539
0.005156456490974849 4.122753238834342e-06 0.001067750129213574
0.005277144850047007 4.249397592677748e-06 0.0010533244034838917
0.005400657955151837 4.3800463484685985e-06 0.0010623290405578588
0.005527061920289152 4.514895108774823e-06 0.0010709415381002954
0.005656424406876098 4.653922099682723e-06 0.0010786823364294577
0.0057888146599649045 4.797362650363234e-06 0.0010886573063862523
0.0059243035453083225 4.945535289631265e-06 0.0010979360772212284
0.006062963587292604 5.098247441998519e-06 0.0011048779751833531
0.006204869007758247 5.25564864387297e-06 0.001113874255402857
0.006350095765729487 5.418098831052396e-06 0.0011231219866959872
0.006498721598073523 5.5856715098487774e-06 0.0011319302024137509
0.006650826061111473 5.758500354900381e-06 0.001140314289927427
0.006806490573203213 5.936592365543285e-06 0.0011480542930348803
0.006965798458328935 6.120266939275695e-06 0.0011582564708716092
0.007128834990690744 6.309911863045283e-06 0.001167556313033034
0.007295687440358169 6.505310725132108e-06 0.0011747788410807138
0.007466445119982013 6.706686019824316e-06 0.0011842158144054172
0.007641199432601568 6.914482899149335e-06 0.0011937603632173723
0.007820043920570754 7.12878789225477e-06 0.0012028812686197565
0.008003074315629407 7.349770278249067e-06 0.0012115877418123354
0.008190388590146487 7.577457040553364e-06 0.0012197475019242545
0.008382087009562653 7.812287659796268e-06 0.0012306808142014563
0.008578272186060283 8.054744181237524e-06 0.0012403525935538262
0.008779049133489586 8.304505445447266e-06 0.0012478324065943553
0.008984525323580428 8.56189437065847e-06 0.0012578717887135418
0.009194810743469653 8.827481700787579e-06 0.0012679016523974317
0.00941001795457493 9.101366788950835e-06 0.0012775266795051448
0.009630262152846538 9.383760710543968e-06 0.0012865616162476686
0.009855661230429373 9.674650929201219e-06 0.0012949837653330842
0.010086335838768157 9.974729871919477e-06 0.0013073547140568774
0.010322409453189654 1.0284676237001936e-05 0.0013174762283972412
0.010564008438996448 1.0603766200057517e-05 0.0013244517353112326
0.010811262119107665 1.0932549848859269e-05 0.0013357017057732293
0.011064302843282844 1.1271974357194977e-05 0.0013466612884238322
0.011323266058966018 1.162195332130611e-05 0.0013564002233293008
0.011588290383787907 1.1982725779245429e-05 0.0013659641719831492
0.0118595176797651 1.2354398212998735e-05 0.0013751534154179694
0.01213709312923573 1.2737833428982354e-05 0.0013880920743470026
0.012421165312572719 1.3133781157908116e-05 0.0013985916544486708
0.01271188628771567 1.3541451428611378e-05 0.0014064426675730953
0.01300941167156434 1.3961556679050019e-05 0.0014180239713491095
0.013313900723277147 1.4395078721546804e-05 0.0014293352593090847
0.013625516429519275 1.4844049530565356e-05 0.0014580329962830974
0.01394442559170606 1.5304452155163057e-05 0.0014079521551051506
0.014270798915288326 1.575211563247165e-05 0.0013463288250777782
0.014604811101127454 1.619831428735827e-05 0.0013266781914492716
0.01494664093900914 1.6647109619425386e-05 0.001297954494466157
0.015296471403345845 1.7102282937015603e-05 0.0012968649212355278
0.015654489751119195 1.7537234574008694e-05 0.0010818929096316778
0.01602088762211477 1.790368089607804e-05 0.0010150884710736104
0.016395861141502873 1.8351143372332877e-05 0.001362367329261348
0.016779611024820323 1.889362401949505e-05 0.0013988899351569943
0.017172342685409164 1.9448092685159824e-05 0.0014259278825685048
0.017574266344370353 2.0021700368630668e-05 0.0014290019126716495
0.017985597143090643 2.0611158052020324e-05 0.001436357120202836
0.0184065552584033 2.121695414538724e-05 0.00144223104755522
0.018837366020444214 2.1839978399654767e-05 0.0014502397783898496
0.019278260033266423 2.248111755529648e-05 0.0014581311898761787
0.019729473298277685 2.3140950031093015e-05 0.0014666097139946644
0.020191247340567126 2.3819791284046736e-05 0.0014730004481092282
0.0206638293381886 2.4517237647406757e-05 0.0014793550745234646
0.021147472254469973 2.523514704403408e-05 0.0014896623007493385
0.021642434973419132 2.597443446968682e-05 0.0014966303305953765
0.02214898243829923 2.673371052387558e-05 0.001501854933977305
0.022667385793447292 2.751451704770543e-05 0.001510873412201274
0.023197922529412215 2.831831820989329e-05 0.001518851342784058
0.02374087663148949 2.9167310395786738e-05 0.0016149735419620375
0.02429653873173293 2.9988783016234437e-05 0.0012367804182546887
0.02486520626452377 3.059504397566691e-05 0.0009996913169455703
0.02544718362578116 3.1237737682436016e-05 0.0011897401661478315
0.026042782335899007 3.1981378720253316e-05 0.0013104474310566675
0.026652321206496323 3.2826058786157725e-05 0.0014577775687377073
0.02727612651107051 3.3773907693933434e-05 0.0015987616455135243
0.027914532159644755 3.483380219582533e-05 0.0016830254319128222
0.028567879877503144 3.592291610182137e-05 0.001668420945400036
0.029236519388109106 3.7042224001618065e-05 0.0016787810349478667
0.02992080860030512 3.8194512991852414e-05 0.0016899412630178334
0.030621113799893886 3.938338773385429e-05 0.0017053218529224292
0.0313378098457035 4.061024956275059e-05 0.0017175955537254096
0.03207128037024161 4.187455851995966e-05 0.0017296811970539782
0.03282191798504598 4.317647368413375e-05 0.0017380502949456646
0.03359012449084106 4.451614428043048e-05 0.0017519346419823877
0.034376311092613916 4.590246999569769e-05 0.0017733862903409276
0.0351808986197235 4.733305942015072e-05 0.0017802484122947213
0.036004317751161884 4.880217542047653e-05 0.001789923475248331
0.036847009246087845 5.031789633039369e-05 0.0018069085202781173
0.037709424179756035 5.18823129570077e-05 0.0018205254255289811
0.038592024184968196 5.3496080086547546e-05 0.0018348393467632034
0.03949528169917565 5.515530150865827e-05 0.0018367087091195886
0.040419680217365216 5.685832259877291e-05 0.0018528954792222392
0.041365714550864054 5.86274733260953e-05 0.0018837268452358406
0.04233389109220189 6.0453955899461635e-05 0.0018851154487868223
0.0433247280861724 6.232414860222956e-05 0.0018929753921006637
0.04433875590723893 6.425380657964869e-05 0.0019118119776606057
0.045376517343432864 6.624579604779939e-05 0.0019268099712826112
0.04643856788689694 6.830249128648796e-05 0.0019430265851394272
0.04752547603122824 7.041304523808368e-05 0.0019373610420790833
0.0486378235757816 7.257451912437901e-05 0.0019569285330023976
0.0497762059370943 7.482839471663916e-05 0.0019966463976059854
0.05094123246760033 7.715461554998834e-05 0.0019912504591025923
0.05213352678180401 7.952975853309653e-05 0.0019974200020622356
0.05335372709008796 8.198076687612293e-05 0.002018103962867512
0.054602486540333825 8.451091085981554e-05 0.0020337883175432763
0.05588047356753874 8.712408284757078e-05 0.002050621242192471
0.05718837225161477 8.979978590038492e-05 0.002037540133742777
0.05852688268356263 9.253543891494521e-05 0.002060500921562493
0.05989672134021587 9.539520256474234e-05 0.002105888246572725
0.06129862146775603 9.834260099301668e-05 0.0020929791291631403
0.06273333347420412 0.00010134434010369077 0.002097053340981252
0.06420162533109855 0.00010444055096579066 0.0021179210536674334
0.06570428298457386 0.00010763312038963021 0.0021311452263481972
0.06724211077606207 0.00011092491174597681 0.0021437384018591975
0.0688159318728395 0.00011428422994242254 0.0021229317659805695
0.07042658870865123 0.00011770997581751886 0.0021411978233674177
0.07207494343464833 0.00012168362113077512 0.002423995819799959
0.07376187838087955 0.00012437820050609352 0.0008298265004232303
0.0754882965285842 0.00012540338559531206 0.0004330563424131383
0.07725512199353927 0.00012615310219473008 0.000494405166706025
0.07906330052071946 0.00012748210686489603 0.0011861027731981599
0.08091379999053473 0.00013120740956329698 0.0024248850223822747
0.08280761093691669 0.00013537594463178298 0.0020939208513706285
0.0847457470775307 0.00013945046049980257 0.0021078280424177633
0.08672924585639806 0.00014364285063519586 0.002119883052627756
0.08875916899921808 0.00014795716141575017 0.002130345379756318
0.0908366030816881 0.00015239535513516243 0.0021432954688765608
0.09296266011112407 0.00015697184823432788 0.0021609626366141882
0.09513847812169614 0.00016167884290888812 0.0021640460232584405
0.0973652217835939 0.00016650314380433937 0.0021671478767239603
0.09964408302645045 0.00017143793795472588 0.002164764951301085
0.10197628167735744 0.00017648125247729233 0.002158819101155566
0.10436306611381327 0.00018164974129391206 0.002158900597792765
0.10680571393195358 0.00018685900480036756 0.0021422066612628433
0.109305532630422 0.00019205683413017402 0.001936294303034251
0.11186386031024691 0.0001963224682419416 0.001491074880335393
0.11448206639109923 0.00020068931959611218 0.002009310386145411
0.11716155234431426 0.0002067649023126056 0.002379694030936305
0.11990375244307021 0.0002130622887865622 0.002269000517129758
0.12271013453012482 0.00021944269196989073 0.0022777015279597753
0.12558220080352114 0.00022599963905112216 0.002286876163859052
0.1285214886206832 0.00023272454944888203 0.002289032932281737
0.13152957132133036 0.00023961582736938594 0.0022929421402196307
0.1346080590696551 0.00024668725653969627 0.0022997418304330215
0.13775859971620935 0.00025391868796828987 0.0022912486963771244
0.1409828796799649 0.00026129284216470656 0.0022777908260430313
0.14428262485101853 0.000268911997557585 0.002358097026936451
0.14765960151442503 0.00027630010117375253 0.0018835504364368432
0.15111561729565304 0.0002818156804661991 0.0015256220299865667
0.15465252212816924 0.0002884402716259528 0.0022942980374297227
0.1582722092436695 0.00029735137720957223 0.002458247930472021
0.1619766161854863 0.00030620856297275693 0.0023887406027791732
0.16576772584571564 0.0003152739914209084 0.002393192932699886
0.1696475675266178 0.000324570037847 0.002398855156900459
0.1736182180268608 0.0003341086329917456 0.002405673866484536
0.17768180275318793 0.0003438906242983301 0.0024081401663998956
0.18184049685810239 0.0003539148088060764 0.0024104599901587087
0.1860965264041834 0.0003641603773764562 0.002405331581161221
0.19045216955564986 0.000374620740113425 0.002395959589886849
0.19490975779781464 0.0003852935908543996 0.0023889030010663275
0.19947167718508027 0.00039611229174723483 0.0023656440086464226
0.20414036961814436 0.00040704698990957244 0.0022897845239152124
0.2089183341510982 0.0004178475612460573 0.0022413076081237073
0.2138081283291187 0.0004276844977538265 0.0016662494953347494
0.21881236955746894 0.00043484914687687645 0.0013772063504227047
0.22393373650254111 0.0004431955207109992 0.0018726862165599914
0.22917497052569083 0.00045343010822310474 0.0019464799799799315
0.234538877150631 0.0004640307306392088 0.0019865193899044455
0.24002832756517034 0.0004743748752276592 0.001781067251193919
0.24564626015810065 0.00048397372242858067 0.0016356441039293821
0.2513956820920558 0.0004929769764760686 0.001501117003945536
0.25727967091318127 0.0005014332218467804 0.0013739228671947618
0.263301376198484 0.0005093625247200557 0.0012657503354220928
0.2694640212417331 0.0005168916057850925 0.0011766771438014173
0.275770904778823 0.000524097654098524 0.001116432185582734
0.28222540275351804 0.0005311315174211014 0.0010631230442886142
0.2888309701245251 0.0005379874566742149 0.0010116877919692027
0.2955911427148611 0.0005446816288109959 0.0009735601172809873
0.3025095391045058 0.0005513204771577061 0.0009444019934972266
0.3095898625673525 0.0005579192404637809 0.0009203581395124953
0.3168359030534936 0.0005645009763313247 0.0008973804711527986
0.3242515392179019 0.0005710787651906548 0.0008760630067486662
0.3318407404965947 0.0005776727177114764 0.0008642297063735629
0.3396075692313897 0.0005843423429428655 0.0008528723116886424
0.34755618284439344 0.0005910692622819843 0.0008392386002868834
0.35569083606338 0.0005978532672452451 0.0008302234336313424
0.3640158831992625 0.0006047396287704208 0.0008236302178263341
0.3725357804768628 0.0006117290675475548 0.0008175533937902326
0.3812550884202366 0.0006188289674953222 0.0008101871670396632
0.390178474293827 0.000626016266412091 0.0008012441204407414
0.3993107146007548 0.0006332804360537132 0.0007888745081273776
0.4086566976395809 0.0006406223445059489 0.000777440673304987
0.41822142612091123 0.0006479058932555852 0.0007475470260599414
0.4280100198452438 0.0006550820792110345 0.000716924606742067
0.43802771844349153 0.0006620696716596052 0.0006820223095775261
0.4482798841816478 0.0006690107596626931 0.0006697961282893436
0.4587720048310963 0.0006759933018612164 0.0006709009065196549
0.46950969660610076 0.0006833535945919764 0.0006957056299664927
0.48049870717004795 0.0006911857339893697 0.0007345324698433192
0.4917449187120536 0.0006996964714995307 0.0007735855008312861
0.5032543510955719 0.0007087085916248979 0.0007951954605877335
0.5150331650807095 0.0007181800621763236 0.0008091066027652857
0.5270876656219483 0.0007279996848097769 0.0008202773165787108
0.5394243052430577 0.0007381495062988969 0.000825162394734584
0.5520496874909966 0.0007486022888256212 0.000829906384209856
0.5649705704706549 0.0007593382818009335 0.0008322771994245876
0.5781938704623268 0.0007703794233309319 0.0008383453691167535
0.5917266656238517 0.0007817666555179362 0.000843722264845644
0.6055761997794052 0.0007934630870846704 0.0008453483959370811
0.619749886296968 0.0008054761578797627 0.0008505628891425772
0.6342553120565475 0.0008178603664586979 0.0008565294140592629
0.649100241511277 0.000830608224058323 0.000860901281498048
0.6642926208435667 0.0008437227675282545 0.0008655448745066442
0.6798405822185294 0.0008572119853395203 0.0008697245242539483
0.6957524481369618 0.0008711048290456775 0.0008771300848530607
0.7120367358901998 0.0008854473680988066 0.000883589793010347
0.7287021621192568 0.0009001981837575729 0.0008867288856301629
0.7457576474806545 0.0009153720787593991 0.0008933439937409578
0.7632123214214672 0.0009310296958533158 0.0009003945609606492
0.7810755270661239 0.0009471661071676191 0.0009063183674820376
0.7993568262175902 0.0009637894957623653 0.0009121502916090902
0.8180660044756016 0.0009809008453924037 0.0009172738992316173
0.8372130764746928 0.0009985419039387513 0.0009260648633380198
0.8568082912448229 0.0010167699710480337 0.0009335268216069054
0.8768621376974683 0.0010355312282938427 0.0009377857437300719
0.8973853502401199 0.001054847119623701 0.0009451227301296386
0.9183889145221872 0.0010747760762105278 0.0009525447731810706
0.9398840733153894 0.0010953357268023106 0.0009605942813143138
0.9618823325317791 0.0011165463969920809 0.0009673035865118468
0.9843954673826101 0.0011383798435917615 0.000972787814006388
1.0074355286813754 0.0011608984337993526 0.0009826121247252361
1.0310148492943494 0.0011841737321812557 0.000990661514922584
1.0551460507421169 0.001208133360948262 0.0009954294123241374
1.0798420499556114 0.001232813777869929 0.00100398444732468
1.1051160661902795 0.0012583012014470098 0.0010125139102175917
1.1309816281020735 0.0012845836401420949 0.0010199509359892895
1.1574525809890612 0.0013116731041925406 0.0010262880737101573
1.1845430942025246 0.0013395454596407581 0.0010318035260993203
1.2122676687315208 0.001368261162259149 0.001040486804641497
1.2406411449649597 0.001397885244005527 0.0010460643420099744
1.2696787106353562 0.001428269762620756 0.0010474157522040192
1.299395908948507 0.0014594288308070894 0.0010495561545083407
1.3298086469034476 0.0014913838877628966 0.0010516841983550568
1.3609332038071393 0.0015241284560975473 0.0010519845275296024
1.3927862399884348 0.0015576966167429361 0.0010570659851792642
1.4253848057160214 0.001592216461532806 0.0010620535184532134
1.4587463503250655 0.0016279318083347776 0.0010796899364765569
1.4928887315574817 0.00166506072546885 0.0010949654746916
1.5278302251208116 0.0017035757580979305 0.001109715570656378
1.563589534470829 0.0017435440583332157 0.0011262239018566401
1.6001858008231138 0.0017850783279954382 0.0011419541531207593
1.6376386133989447 0.001828025261981694 0.0011520560879996228
1.675968019911004 0.001872384158236299 0.0011620835135356918
1.7151945372945012 0.0019181549005039486 0.0011718386139338264
1.7553391626894626 0.0019654235195264553 0.0011834142027655984
1.7964233846800635 0.002014259330595993 0.0011931698492324992
1.8384691947970222 0.0020645887823242262 0.0012012251765902752
1.8814990992892089 0.0021164842190943447 0.0012110142512858106
1.9255361311707768 0.0021700296897063974 0.0012206569606781979
1.9706038625502416 0.0022252537683863237 0.0012301696178371757
2.016726417248164 0.0022821956534415442 0.0012386343690611603
2.0639284837101144 0.002340844415192459 0.0012468808438192826
2.1122353282218906 0.002401346247033153 0.001258255112024335
2.1616728084340324 0.0024637997055661667 0.0012676808413722683
2.2122673872028886 0.002528133055504366 0.0012757737500155141
2.264046146755631 0.0025944562903569652 0.0012862863170908178
2.3170368031868116 0.002662891967752731 0.001296400915770435
2.371267721294209 0.0027334582356571806 0.0013061587933229785
2.426767929761917 0.0028062026884234067 0.0013149141971703824
2.483567136698798 0.0028811249821723063 0.0013236540767313926
2.5416957455406126 0.0029583907336105408 0.0013350243322343472
2.6011848713243517 0.0030380998624590623 0.001344014323935156
2.6620663573434715 0.003120139599783172 0.001351556322792154
2.724372792192928 0.003204677910504624 0.0013623539884359912
2.7881375272132045 0.0032918813832610136 0.001372604637146852
2.8533946943425734 0.0033817787279000443 0.0013826500283859837
2.9201792243872164 0.0034744320630264113 0.0013917320387877242
2.9885268657189616 0.003569855375953398 0.001400969917391779
3.058474203410643 0.0036682533065534565 0.0014127000049518597
3.13005867881933 0.0037697351292800907 0.0014218405160929218
3.2033186096279103 0.0038741754987117365 0.001429863892435565
3.2782932103557463 0.003981770485179243 0.0014405175757950936
3.3550226133493957 0.004092693929128479 0.0014505026323016585
3.433547890264623 0.004206969701071708 0.0014601361343035187
3.513911074051201 0.004324671588234242 0.0014687855437771245
3.5961551814522794 0.0044458207033661185 0.0014777713087123054
3.6803242360303505 0.004570685216537405 0.0014892773591505802
3.766463291732159 0.0046993918159044705 0.001498452114873629
3.8546184570051105 0.004831839963442629 0.0015068977440145597
3.9448369194782127 0.004968285033071141 0.001518053503131916
4.037166971220603 0.0051089369216506765 0.0015283738122274905
4.131658034591296 0.005253824210812555 0.0015383878524285585
4.228360688693948 0.005403031824416823 0.0015471330844059026
4.327326696450801 0.005556580823389211 0.001556456263650409
4.4286090323102965 0.005714832710979559 0.0015685331677011657
4.532261910603199 0.0058779200500588885 0.0015774788910174061
4.6383408145624045 0.006045678575528838 0.0015858636977928292
4.746902526021957 0.006218408088485449 0.0015962871938734991
4.858005155811191 0.006396327835490066 0.0016064834930445838
4.971708174860245 0.00657960389985498 0.001617164275270392
5.088072446033622 0.0067682880159424036 0.0016252369891684789
5.20716025670881 0.006962335758580089 0.0016344137615328018
5.329035352117438 0.007162307790275192 0.0016470628754608227
5.453762969466727 0.007368346302649967 0.0016558744453176245
5.58140987285968 0.007580197174154072 0.0016642452997855208
5.712044389032477 0.00779841392737233 0.001676769079242633
5.845736443928362 0.00802333836736392 0.0016875935649648247
5.982557600127557 0.008254926467891903 0.001697806498886854
6.122581095153219 0.008493367265351482 0.0017076270983395437
6.265881880673967 0.008738800359537542 0.0017183568213226695
6.412536662623953 0.008991794234497695 0.0017316956304307789
6.562623942261955 0.009252499987701349 0.0017415719848665567
6.7162240581914725 0.009520737443550172 0.0017514920367128267
6.873419229364309 0.009796985764951313 0.0017630178452849282
7.034293599090672 0.010081574006687005 0.0017753116313301487
7.198933280079338 0.010375002824840308 0.001788728776600628
7.367426400532011 0.010677249438403506 0.0017982206484233384
7.539863151316464 0.01098824878734498 0.0018098304356092961
7.716335834243917 0.0113090077517793 0.0018250061251835036
7.896938911476228 0.011639707941260194 0.0018364246405357144
8.081769056089541 0.011980171218460022 0.0018481556641932568
8.270925203821369 0.01233109543793049 0.0018620335876231243
8.464508606028849 0.012692927481873563 0.001876461096848179
8.66262288388648 0.013066238084743567 0.001891740392231462
8.865374083852394 0.013451057284122108 0.0019034598271092029
9.07287073443282 0.01384742189140502 0.0019183023859565362
9.285223904275137 0.01425690874271157 0.0019377135631287743
9.502547261620615 0.014679674888687266 0.0019518958217296701
9.724957135148667 0.01511533703367415 0.0019670988175290722
9.952572576245169 0.015565529873340056 0.001988496851021759
10.1855154227282 0.01603092175327806 0.002006505931991528
10.423910364065293 0.016511247476458754 0.002023762078326143
10.667885008117114 0.0170075065802814 0.002044230554781368
10.917569949443308 0.017520522714610326 0.0020655059605731766
11.173098839207043 0.0180512696666469 0.002088346202114525
11.434608456715713 0.018600299923884612 0.002110337496038516
11.70223878263605 0.019168080727962458 0.0021330285134673072
11.976133073922874 0.0197555862962058 0.002156544502468176
12.256437940501618 0.02036379904271896 0.0021841727160115732
12.54330342374537 0.020994685565945213 0.002213355443974525
12.8368830767892 0.021648123625955133 0.002237235569740332
13.137334046723776 0.022324494370252874 0.0022670280040148244
13.444817158712981 0.023027102670838243 0.0023020242231209555
13.759497002080279 0.023756485489240375 0.002333128089591076
14.081542018409971 0.02451303467993502 0.0023656755631026394
14.411124591710466 0.025298231859987322 0.002398495276118314
14.74842114068787 0.02611391923251748 0.002440313431764963
15.093612213179249 0.026964216857771162 0.0024843516588454488
15.446882582796135 0.027848176344181394 0.0025191164305998137
15.808421347830011 0.028766400933357958 0.0025628156728426527
16.17842203247269 0.02972404295637092 0.002612445647777938
16.557082690405792 0.030722175173609513 0.0026589580882657713
16.94460601081479 0.03176195340943771 0.0027080207400959674
17.341199426884288 0.032846159043276334 0.0027590856953113112
17.74707522683272 0.033977728419889996 0.002818753643938145
18.162450667545816 0.03516166276730192 0.0028804704663736302
18.5875480908697 0.03639813430749986 0.0029362077737080587
19.02259504262586 0.03768925355598935 0.0030016643247555547
19.46782439441171 0.039041890812213646 0.0030733365079842474
19.92347446825191 0.04045792254431393 0.003141319309295236
20.389789164167198 0.04193948922932243 0.003214560060435873
20.867018090729005 0.043492715638438734 0.003294370017480079
21.355416698669746 0.04512169825445417 0.00337663075354482
21.855246417620275 0.046830673597027826 0.0034619989817707177
22.36677479604776 0.0486242508270552 0.0035502643735094183
22.890275644468797 0.0505075931828038 0.0036466299842434022
23.426029182014506 0.05248913419157514 0.0037495894846552745
23.97432218642611 0.05457227603348531 0.003848217977205576
24.535448147560707 0.05676110096728377 0.003955352811411903
25.10970742449088 0.0590661698291773 0.004072230878076798
25.69740740628028 0.06149400514236694 0.004189817973826927
26.298862676522724 0.06405092977030186 0.00431268520093816
26.914395181732225 0.06674435669963388 0.0044392721127897205
27.5443344036743 0.06958270876096095 0.004573033484818027
28.1890175357307 0.0725758892250013 0.004713175268448624
28.84878966339204 0.07573356398516541 0.004858174958934811
29.524003948974883 0.07906609828246716 0.00501622564998036
30.215021820662198 0.08258242268469992 0.005164137684639784
30.92221316596835 0.08634169847676944 0.005715126395841589
31.645956529732224 0.09075397338038509 0.005658123561428039
32.386639316744386 0.09393202512428668 0.003615878978523101
33.14465799911685 0.09587890350418571 0.0010424265429453848
33.92041832850635 0.09626871945743103 0.00027866215955611815
34.71433555330477 0.09643239652950014 0.00020760304224592036
35.52683464091301 0.09672666968289256 0.0005942014124507857
36.35835050521715 0.09993198289058897 0.007880315125013115
37.2093282393889 0.1065851997190079 0.00642869230655562
38.08022335413468 0.11209292435277862 0.006255402894064164
38.97150202152103 0.11762659923610998 0.006132592739298177
39.883641324506875 0.1232620585698366 0.006307192015410416
40.8171295123161 0.12923616592642595 0.006499538167351064
41.77246626178722 0.13557774660192515 0.006783909205156364
42.750162944840014 0.14233584381917339 0.007026724466719132
43.7507429022023 0.1494769288854974 0.007254736630202126
44.77474172354335 0.1570335896073603 0.007508003705612077
45.82270753416391 0.16503936466619795 0.007765954228989175
46.89520128839631 0.17350141383305234 0.008017556231061877
47.992797069871834 0.18244983094714995 0.008289847579986994
49.11608239881501 0.19192489422518522 0.008577109939982303
50.265658546532144 0.20194627184659802 0.008860344950022928
51.442140857258565 0.212544717480967 0.009156335298532067
52.64615907753983 0.22375509895482426 0.009466281243093835
53.87835769332197 0.23561351049078988 0.009783457269113076
55.13939627493143 0.24815942625344084 0.010111914397598652
56.42994983012933 0.26142377223569035 0.010447355275143634
57.75070916542917 0.27545157983354596 0.010794949496018016
59.102381255871144 0.29029125703296976 0.011160159139515412
60.48568962345122 0.3059817051492611 0.011527966014586681
61.901374724407454 0.3225749536813637 0.011914825722794875
63.350194345570806 0.34013125258459903 0.012321539326746534
64.8329240099927 0.3587106299550478 0.012742698169187947
66.3503573920664 0.37837954365331816 0.013179281254756574
67.90330674236448 0.3979556841605497 0.012095719260395548
69.4926033224196 0.4220544899226583 0.022763547114116895
71.1190978496816 0.4680637291956412 0.018398942145781753
72.78366095288885 0.49337312037047426 0.015760949524153668
74.48718363809776 0.5206949549918392 0.016319116609680384
76.2305777656198 0.5496525689893835 0.016904400640811706
78.01477653812138 0.5803588797113799 0.01751843145468852
79.84073500014787 0.6129363985035851 0.018166668906399102
81.70943054933909 0.6475190123658497 0.018849647721973402
83.62186345960995 0.6842501105821657 0.01956725352635419
85.57905741657639 0.7232849559850054 0.020325295993957073
87.58206006551292 0.764794231341046 0.0211262229183377
89.63194357213541 0.8089599078460679 0.021968377153824412
91.7298051965092 0.8559812639605829 0.02286350140564272
93.87676788038989 0.9060735167212585 0.023804193300904233
96.07398084830928 0.9594695385072363 0.024804135566129645
98.32262022273369 1.0164219657791176 0.0258564451805097
100.6238896536163 1.0772047929590782 0.026974204721489335
102.97902096268643 1.1421124142875956 0.028154227599924662
105.3892748028181 1.2114665250373324 0.029400196028452626
107.85594133283125 1.2856118717924363 0.03072359084344604
110.38034090808713 1.3649461256054611 0.03216930028736947
112.96382478724692 1.4488798714137259 0.032896856301758676
115.60777585557254 1.5373994960627078 0.03411265721202025
118.31360936515638 1.6315761495537222 0.03552124052532496
121.08277369247632 1.732068823566543 0.037074242293456815
123.91675111368166 1.8394987691003233 0.038755093364238574
126.81705859802462 1.9544961951596171 0.040558048687490474
129.78524861986259 2.0777171231335463 0.0424818201859971
132.8229099896654 2.2098528203906214 0.0445269854540418
135.9316687044725 2.3516353086473245 0.046697221758612836
139.1131888182554 2.50384331590778 0.04899660413027365
142.36917333265131 2.667304927828044 0.0514246416885344
145.70136510854445 2.8429006511521093 0.053983008670142225
149.1115477989833 3.031566742509536 0.05667749733869777
152.60154680393308 3.234303835349634 0.059517111784536586
156.17323024737425 3.452171897203271 0.062492319346211266
159.8285099772708 3.6862982377158793 0.06562322605588795
163.56934258894248 3.93788273753638 0.06889491500043496
167.39773047238972 4.208195540273443 0.07233116446434697
171.31572288413147 4.4985842002801375 0.0759175128371532
175.3254170441296 4.810479177250615 0.07966221022821297
179.42895925838715 5.145389177361382 0.08357742251899035
183.62854606782219 5.504911242636754 0.08765568017653566
187.92642542402749 5.890732510242828 0.0919008930685118
192.32489789255678 6.304631592938725 0.09631621773674198
196.82631788436683 6.748481856945847 0.10090361642977431
201.4330949160854 7.224253639837166 0.10566424630662029
206.14769489977547 7.734017023084613 0.11059815242715332
210.97264146288668 8.279942364353385 0.11570385416088914
215.91051729910086 8.86430281260509 0.12098764193150022
220.96396555079411 9.489478377937509 0.126446539577257
226.13569122385616 10.157948060915224 0.13206882663336042
231.4284626356238 10.872295509528637 0.13786945680038518
236.8451128967036 11.63520988508578 0.14382515424466705
242.38854142747726 12.449477361515086 0.14995344732033536
248.06171551010107 13.31798265775907 0.15623102215137027
253.86767187683046 14.24370755456751 0.16265544248984415
259.8095183355196 15.229721603658371 0.1692250514645173
265.89043543316654 16.279177595412516 0.17593025809807813
272.11367815839384 17.395308103862696 0.18275807822974738
278.4825776837764 18.581415415444667 0.1896975217372409
285.00054314894913 19.84086385860023 0.19674131754358948
291.6710634854482 21.17707248235087 0.20387564649445608
298.497709284264 22.59350226949663 0.21108141921298487
305.4841347071041 24.093643598264062 0.21834312643716677
312.6340794423904 25.681014294051018 0.22565709762616978
319.95137070703623 27.35913659104853 0.23299128939409794
327.4399252950765 29.13153671480535 0.2403416042328708
335.1037516742459 31.00172219780205 0.24768509459576782
342.94695213162873 32.973181514326214 0.25500203410916816
350.97372496952755 35.049366691465316 0.26227738924444466
359.18836675272905 37.233685572508655 0.26949446551847167
367.59527460835994 39.52949189345235 0.27663605643210837
376.1989485795864 41.940078821977586 0.28368402924662267
385.0039940343882 44.46867017928364 0.29062191812633675
394.01512413071765 47.11841407634949 0.2974334789881019
403.2371623393555 49.89238404451776 0.30411208502933246
412.6750450258144 52.79356983290121 0.3106317552111252
422.33382409267284 55.82488019169961 0.31699372686794897
432.2186696837539 58.98913912956713 0.3231783661336762
442.33487295159557 62.289092009484726 0.32917730198556916
452.68784888969503 65.72740451109202 0.33498372451145536
463.28313923104207 69.30666731391315 0.34059190660416994
474.1264154144937 73.02940069799318 0.34599562633578984
485.2234816205777 76.89806200087727 0.35119041330954637
496.5802778783496 80.91504970528322 0.3561714803683198
508.2028832449671 85.08271077662812 0.3609389119147378
520.0975190596831 89.40335061350096 0.36549324900504404
532.2705522739993 93.8792379432911 0.36983257071521225
544.7284988597631 98.51261464633946 0.3739581980935027
557.4780272970322 103.30570497595369 0.3778754959110067
570.525962143573 108.26071850343628 0.38158468380508626
583.8792876879052 113.37986801437656 0.38509024186480867
597.5451516878459 118.66536618586449 0.38839601524716744
611.5308691965561 124.11944392995916 0.39150894876318804
625.843926478137 129.74434905952077 0.3944315175398879
640.4919850148711 135.54235918592795 0.397170419139356
655.4828856082551 141.51578722617975 0.39973144382589293
670.8246525760177 147.66698632687584 0.4021212023466894
686.5254980473704 153.99835832734112 0.4043448732844999
702.5938263587897 160.51235813261985 0.40640864092269346
719.0382385526866 167.2115013591044 0.4083214142474676
735.8675369813546 174.09836546100638 0.41008596447126505
753.0907300187034 181.1755986396499 0.41171100746335043
770.7170368822425 188.4459231594715 0.4132016784815412
788.75589256794 195.9121367941897 0.41456425470347524
807.2169529005799 203.5771221453472 0.4158055501468186
826.1100997023249 211.4438447046213 0.41693043872111013
845.4454460822495 219.5153638646043 0.41794490979357374
865.2333418496789 227.794825000769 0.41885476815460243
885.4843790542254 236.28547468997172 0.4196657777192424
906.2093976554934 244.99065622599687 0.4203814578848865
927.4194913254844 253.9138140122685 0.42100886144067445
949.1260133868094 263.0584977056024 0.4215500656231914
971.3405828898863 272.42836284705726 0.42201349572785435
994.0750908323765 282.0271767535158 0.42240007254421397
1017.3417065241894 291.8588149063433 0.422716502756886
1041.1528841014601 301.9272738014214 0.42296450190398777
1065.5213691929912 312.23665454665064 0.42314866325021766
1090.460205742722 322.7911954486787 0.4232746336772786
1115.9827429918817 333.59523850986307 0.4233429647980348
1142.10264262456 344.6532650401866 0.42335951793739274
1168.8338860805238 355.96987042365805 0.4233283261912738
1196.1907820391907 367.5497847839872 0.423247175611307
1224.1879740787685 379.3978696941966 0.42312173760253696
1252.8404485146584 391.5191156724406 0.42295899584068736
1282.163542421318 403.918654772515 0.4227546240392905
1312.172951841879 416.60175948720024 0.4225159876462743
1342.884740189913 429.5738335361388 0.42224282129565344
1374.315346847843 442.8404317909876 0.4219374620011707
1406.4815959666098 456.40725205238465 0.42160264073109466
1439.4007054712667 470.2801470684542 0.42124006527484664
1473.0902962774117 484.46511748220354 0.42085396048312884
1507.5684017232754 498.96831641388223 0.4204419779326189
1542.8534772225976 513.7960557862509 0.4200089968011762
1578.9644101434267 528.9548107296476 0.41955500086649056
1615.9205299181367 544.4512181006106 0.4190824281511923
1653.7416183900693 560.2920840288061 0.4185907956062998
1692.447920402345 576.4843822183262 0.4180821163625431
1732.0601546345065 593.0352602216515 0.4175614697279376
1772.5995246927973 609.9520483477713 0.41702455407206257
1814.087730460013 627.2422500723603 0.4164759700824685
1856.5469797109968 644.9135563041718 0.4159155081129797
1900.0 662.973845487277 0.41534129995543756
