1e-07 7.512176437770296e-13 1.2559385907551021e-05 7.512120005399395e-06
1.023405289908563e-07 7.808305111247985e-13 1.2744233824092648e-05 7.804826876190255e-06
1.0473583874128298e-07 8.115784978332988e-13 1.292842049890598e-05 8.101802062659067e-06
1.071872114108392e-07 8.434965901156896e-13 1.3111694247864028e-05 8.403028143390613e-06
1.0969595916840032e-07 8.766484711463536e-13 1.3318905357268501e-05 8.708742245980059e-06
1.1226342489453461e-07 9.111145658065214e-13 1.3528572473316154e-05 9.019306427236595e-06
1.1489098290031937e-07 9.469377368579965e-13 1.3737799168867995e-05 9.334716695283923e-06
1.175800396629811e-07 9.841610929498635e-13 1.3946321875405723e-05 9.654959847144796e-06
1.2033203457875375e-07 1.0228282310970477e-12 1.4153858861511753e-05 9.98001637090078e-06
1.231484407333567e-07 1.0629831474201812e-12 1.4360109239744635e-05 1.0309860017041366e-05
1.260307656905084e-07 1.1046701355629739e-12 1.4564751923369953e-05 1.0644457343319816e-05
1.289805522988929e-07 1.1479336716212061e-12 1.4767444530498699e-05 1.0983767055425358e-05
1.3199937951801506e-07 1.1928433253456669e-12 1.4991484559708023e-05 1.1327931219387774e-05
1.3508886326338464e-07 1.2395213559806181e-12 1.522491258318698e-05 1.1677465901546828e-05
1.3825065727148236e-07 1.288029144748816e-12 1.5457784862890288e-05 1.203239507312065e-05
1.4148645398497078e-07 1.3384244961100525e-12 1.5689803332136406e-05 1.2392702497889886e-05
1.4479798545862358e-07 1.3907658439444276e-12 1.5920649447956138e-05 1.2758364776092049e-05
1.4818702428645853e-07 1.4451121290368479e-12 1.6149983072503343e-05 1.3129350890769942e-05
1.5165538455057036e-07 1.5015226597925984e-12 1.6377441298006752e-05 1.350562169469403e-05
1.5520492279217105e-07 1.5600569546011843e-12 1.6602637212507638e-05 1.3887129266961563e-05
1.5883753900535794e-07 1.62079176226897e-12 1.684398506004556e-05 1.4273925445843063e-05
1.6255517765414102e-07 1.683895026702645e-12 1.7102964445645406e-05 1.4666613816909608e-05
1.6635982871327448e-07 1.7494593620925206e-12 1.7361258735470937e-05 1.5065286301729661e-05
1.7025352873344754e-07 1.817562088083695e-12 1.7618532387347728e-05 1.5469923312244915e-05
1.7423836193140975e-07 1.888281335246769e-12 1.787442687428862e-05 1.5880497131017403e-05
1.783164613056075e-07 1.961695877861113e-12 1.8128559429931057e-05 1.629697146806156e-05
1.824900097779343e-07 2.0378849439836305e-12 1.8380521730674248e-05 1.6719300884949643e-05
1.8676124136220332e-07 2.116928000663466e-12 1.862987851142735e-05 1.714743014725686e-05
1.911324423599688e-07 2.1989126711175602e-12 1.8888467321769108e-05 1.7581336201010045e-05
1.9560595258433557e-07 2.2840519995572573e-12 1.9174134594037314e-05 1.8021632379477308e-05
2.0018416661241256e-07 2.3724907289284045e-12 1.9459241779974196e-05 1.8468531448837473e-05
2.0486953506708013e-07 2.4643332134021137e-12 1.974343260169791e-05 1.892201659272171e-05
2.0966456592875765e-07 2.5596850367567325e-12 2.002632619061383e-05 1.9382062250237868e-05
2.1457182587787323e-07 2.658652804204365e-12 2.0307515742196817e-05 1.9848633751629724e-05
2.1959394166875453e-07 2.7613439052212204e-12 2.058656710283813e-05 2.0321686702041646e-05
2.247336015356758e-07 2.8678662446333352e-12 2.0863017285440833e-05 2.0801166326959e-05
2.2999355663181375e-07 2.9783291083332935e-12 2.1140704138653493e-05 2.1287011377177962e-05
2.3537662250188283e-07 3.09298046898037e-12 2.1455127157258044e-05 2.1779745164898925e-05
2.408856805892383e-07 3.21204704316426e-12 2.1769343847842995e-05 2.2279751030833604e-05
2.465236797782509e-07 3.335670523495792e-12 2.2082991091838376e-05 2.278702042599342e-05
2.522936379727866e-07 3.4639945973293015e-12 2.2395680303770567e-05 2.3301535727260005e-05
2.581986437116257e-07 3.5971647053287398e-12 2.2706996031624406e-05 2.3823270013465524e-05
2.6424185782169406e-07 3.73532776452857e-12 2.301649448639036e-05 2.435218642697273e-05
2.7042651510998805e-07 3.878631852479541e-12 2.3323701997336902e-05 2.4888237500384725e-05
2.767559260950997e-07 4.027225848783784e-12 2.3628113389382063e-05 2.543136403320887e-05
2.8323347877926835e-07 4.181382702320706e-12 2.397182507542575e-05 2.598193621352686e-05
2.8986264046190795e-07 4.341453537191718e-12 2.4319675140751596e-05 2.654055507746162e-05
2.9664695959558045e-07 4.507628428965857e-12 2.4666757662087923e-05 2.7107213350725297e-05
3.0359006768540875e-07 4.680098579010707e-12 2.5012632755390754e-05 2.768188824428089e-05
3.1069568123294597e-07 4.859057402208173e-12 2.5356830259577576e-05 2.8264546440106267e-05
3.1796760372554155e-07 5.044700144592396e-12 2.5698848081596378e-05 2.8855143376806684e-05
3.254097276722696e-07 5.237223447970045e-12 2.6038150457945948e-05 2.9453622490936385e-05
3.3302603668750555e-07 5.436824856505479e-12 2.637416612856937e-05 3.00599141318887e-05
3.408206076232763e-07 5.6438048850812866e-12 2.6743909267690775e-05 3.06742390212538e-05
3.487976127515117e-07 5.858680918405276e-12 2.7128283786078785e-05 3.1297413225276366e-05
3.569613219973755e-07 6.081718854879862e-12 2.7511292020483283e-05 3.192946497703364e-05
3.65316105224868e-07 6.313169464140908e-12 2.7892411232769168e-05 3.257035673367723e-05
3.738664345759231e-07 6.5532858449349924e-12 2.827108320836804e-05 3.322003839901903e-05
3.8261688686425334e-07 6.802322854197264e-12 2.8646712325257525e-05 3.387844653361731e-05
3.91572146025223e-07 7.060536460245732e-12 2.9018663525617818e-05 3.454550346610394e-05
4.0073700562306146e-07 7.328183012990324e-12 2.9386260185419006e-05 3.5221116190360034e-05
4.1011637141675867e-07 7.605590289195865e-12 2.977933734285667e-05 3.590535194209892e-05
4.197152639860158e-07 7.8934694645982e-12 3.0200540008380025e-05 3.659917682135375e-05
4.295388214186575e-07 8.192216035321883e-12 3.061998285392189e-05 3.7302726682090786e-05
4.395923020609436e-07 8.502160363958887e-12 3.103707447161971e-05 3.801595420470335e-05
4.4988108733225257e-07 8.823635552037637e-12 3.1451183554064974e-05 3.873879776185835e-05
4.6041068460564346e-07 9.156976650063231e-12 3.186163672640288e-05 3.947118063856871e-05
4.7118673015583947e-07 9.502519764233731e-12 3.226771626924947e-05 4.0213010032865715e-05
4.822149921762047e-07 9.86060105020614e-12 3.266865772710308e-05 4.096417593715752e-05
4.935013738663442e-07 1.0231589586556533e-11 3.308359658130469e-05 4.172461880188493e-05
5.050519165919601e-07 1.0616381259272513e-11 3.354185005640434e-05 4.249531533772302e-05
5.168728031186703e-07 1.1015586016491834e-11 3.3998309660608416e-05 4.3276593463301854e-05
5.289703609215143e-07 1.1429642236854347e-11 3.445234050800613e-05 4.406840476353218e-05
5.413510655719195e-07 1.1858992202174948e-11 3.490326477421747e-05 4.487068528403385e-05
5.540215442039397e-07 1.230408108692412e-11 3.535035936164011e-05 4.568335486988986e-05
5.669885790616227e-07 1.2765355814318245e-11 3.5792853447075176e-05 4.650631609014982e-05
5.802591111294041e-07 1.3243263766563968e-11 3.622992590599652e-05 4.733945309661245e-05
5.938402438474729e-07 1.373825607782811e-11 3.66676120687161e-05 4.8182637608837684e-05
6.077392469140946e-07 1.425136198937929e-11 3.716378536792486e-05 4.9036686685046596e-05
6.219635601769308e-07 1.4783526116542836e-11 3.765860826086043e-05 4.990219944451201e-05
6.365207976154351e-07 1.5335335179393032e-11 3.8151435211071514e-05 5.0779137868022855e-05
6.514187514164541e-07 1.590738240855048e-11 3.8641576498413526e-05 5.166744787769316e-05
6.666653961452302e-07 1.6500266357743032e-11 3.912829580798462e-05 5.2567058904783815e-05
6.822688930140163e-07 1.7114589553407562e-11 3.961080769742031e-05 5.347788278271744e-05
6.982375942506037e-07 1.7750956965963712e-11 4.0088274936612085e-05 5.439981258003943e-05
7.145800475690966e-07 1.8409974286112292e-11 4.055980571362947e-05 5.5332720735295635e-05
7.31305000745326e-07 1.9092735609824658e-11 4.109016337194943e-05 5.627713525845004e-05
7.484214062993522e-07 1.980066315794261e-11 4.162677956794276e-05 5.723396460205663e-05
7.659384262875629e-07 2.0534548881906288e-11 4.216203483058111e-05 5.8203193747418504e-05
7.838654372069317e-07 2.1295189543704762e-11 4.269523805008351e-05 5.9184783299068356e-05
8.022120350140625e-07 2.2083391155049838e-11 4.322565071970813e-05 6.017867732143229e-05
8.209880402617049e-07 2.2899967429253605e-11 4.375248434782041e-05 6.118480222060647e-05
8.40203503355493e-07 2.374573801846678e-11 4.427489773936635e-05 6.220306555682097e-05
8.598687099337185e-07 2.4621526515988988e-11 4.479199414037787e-05 6.323335438318868e-05
8.799941863730193e-07 2.5528537808642115e-11 4.535689141236956e-05 6.427596985317233e-05
9.005907054229298e-07 2.646879133945466e-11 4.594272393401723e-05 6.533207768998622e-05
9.216692919723106e-07 2.7443378261194088e-11 4.6526344119397604e-05 6.640171413546923e-05
9.432412289507444e-07 2.8453334306866124e-11 4.7106946057142984e-05 6.748481884905058e-05
9.653180633680459e-07 2.9499705174233194e-11 4.768366925886842e-05 6.858131214303206e-05
9.879116124951474e-07 3.0583544266623954e-11 4.8255595690403435e-05 6.969109376276092e-05
1.0110339701896322e-06 3.1705910132287593e-11 4.8821746653437394e-05 7.081404151960343e-05
1.034697513369326e-06 3.286786357408375e-11 4.938107951028473e-05 7.195000961111193e-05
1.0589149086374042e-06 3.407073089769187e-11 4.9976524252725836e-05 7.30990806711328e-05
1.083699119062562e-06 3.531727247968517e-11 5.0612143753268684e-05 7.426263761917095e-05
1.1090634111178757e-06 3.660907188708732e-11 5.1244480209056025e-05 7.544086255694923e-05
1.1350213617820691e-06 3.7947467504440225e-11 5.187259675573123e-05 7.663366903855826e-05
1.1615868658069904e-06 3.933380758062501e-11 5.2495493872018197e-05 7.784094798137134e-05
1.188774143155182e-06 4.076944695091428e-11 5.3112105984342276e-05 7.906256642190764e-05
1.2165977466115351e-06 4.225574333699206e-11 5.372129790063291e-05 8.029836594689358e-05
1.2450725695730824e-06 4.379405318583384e-11 5.432186106498362e-05 8.154816094466992e-05
1.27421385402114e-06 4.5385854619916715e-11 5.494169153367668e-05 8.281183680595135e-05
1.304037198680012e-06 4.703462694352151e-11 5.562438316239346e-05 8.409080319064346e-05
1.334558567366668e-06 4.87427716967107e-11 5.630337001272684e-05 8.538552141157366e-05
1.3657942975358412e-06 5.051203340406575e-11 5.697763320041931e-05 8.669589461007895e-05
1.3977611090251296e-06 5.234416899749779e-11 5.764608584772917e-05 8.802180104689997e-05
1.4304761130047772e-06 5.424094350968873e-11 5.8307569401330376e-05 8.936309301661831e-05
1.4639568211369282e-06 5.6204125215386154e-11 5.896084976501985e-05 9.071959514519052e-05
1.4982211549492563e-06 5.823548016946095e-11 5.960461323820887e-05 9.209110258510732e-05
1.5332874554279858e-06 6.033678333418247e-11 6.024739469188284e-05 9.347738918370939e-05
1.5691744928354404e-06 6.251199396661029e-11 6.09747906427406e-05 9.487961275092531e-05
1.6059014767573762e-06 6.476477727476969e-11 6.169910252863042e-05 9.629862902050038e-05
1.643488066385472e-06 6.709743784667657e-11 6.241930583734345e-05 9.773435580420677e-05
1.6819543810404875e-06 6.951230176274852e-11 6.31343069769105e-05 9.918668551440271e-05
1.7213210109417176e-06 7.201171156579665e-11 6.384293952287126e-05 0.00010065548442879877
1.761609028228509e-06 7.459802056402277e-11 6.454396027655696e-05 0.00010214059096038837
1.8028399982397393e-06 7.727358640475457e-11 6.523604512517276e-05 0.00010364181383392273
1.8450359910572934e-06 8.004076385150101e-11 6.591778469402392e-05 0.00010515892925712969
1.888219593319726e-06 8.290369943019927e-11 6.668178407822534e-05 0.00010669264496418135
1.932413920312403e-06 8.586779545289858e-11 6.745404462792605e-05 0.00010824423663155231
1.9776426283406576e-06 8.893613289845273e-11 6.82233835577933e-05 0.000109813661549618
2.023929927392503e-06 9.211180795970354e-11 6.898873812126151e-05 0.0001114008399543432
2.071300594097741e-06 9.539794888404144e-11 6.974897360634096e-05 0.00011300566665879717
2.1197799849903774e-06 9.879770967102684e-11 7.050287942106709e-05 0.00011462800935532939
2.169394050081446e-06 1.0231426291916932e-10 7.124916498171105e-05 0.00011626770681306804
2.220169346749514e-06 1.0595079174209735e-10 7.198645539413288e-05 0.00011792456644005032
2.2721330539562915e-06 1.0971176658640483e-10 7.278472420229804e-05 0.00011959893414939272
2.325312986794967e-06 1.1360452478119273e-10 7.361133534924887e-05 0.00012129233446132939
2.3797376113790494e-06 1.1763332885184855e-10 7.443582565236492e-05 0.00012300483435099256
2.435436060079692e-06 1.2180226709400973e-10 7.525712878673365e-05 0.00012473637262665297
2.4924381471196257e-06 1.2611547834113664e-10 7.607410532119163e-05 0.00012648686248794614
2.550774384532122e-06 1.3057714468678323e-10 7.688553872701152e-05 0.00012825618989076168
2.6104759984934325e-06 1.3519148318144585e-10 7.769013118518211e-05 0.00013004421171566237
2.6715749460375167e-06 1.3996273640684085e-10 7.848649918245418e-05 0.00013185075354441651
2.734103932161978e-06 1.448960030378829e-10 7.932729867597953e-05 0.00013367591758969133
2.798096427334371e-06 1.5000098947013774e-10 8.021827046011799e-05 0.00013552141582674423
2.863586685408246e-06 1.5528369176464216e-10 8.110545701746457e-05 0.00013738748322449367
2.930609761958527e-06 1.6074933688234838e-10 8.198760290555027e-05 0.0001392740181181044
2.999201533046031e-06 1.6640320319007438e-10 8.286336803786495e-05 0.00014118088852492977
3.06939871442118e-06 1.7225060957293854e-10 8.373132308571229e-05 0.00014310793043760382
3.1412388811771777e-06 1.7829690309181942e-10 8.458994464850577e-05 0.00014505494570423892
3.2147604878631796e-06 1.8454744504984742e-10 8.543761018121627e-05 0.00014702169967471438
3.2900028890682103e-06 1.9100800841800774e-10 8.630953190302452e-05 0.00014900804410785247
3.3670063604868617e-06 1.976909772007364e-10 8.726179625770645e-05 0.0001510157738281802
3.445812120478032e-06 2.046052036640912e-10 8.820869644685767e-05 0.0001530454720636868
3.5264623521282605e-06 2.1175736204341637e-10 8.914879735755775e-05 0.00015509699893792822
3.609000225831455e-06 2.1915417846617737e-10 9.008056826885712e-05 0.00015717017959628846
3.693469922397117e-06 2.268024154342437e-10 9.100237767693325e-05 0.00015926480261729462
3.779916656699379e-06 2.347088543030547e-10 9.191248786003112e-05 0.00016138061761893335
3.868386701879634e-06 2.428802755722194e-10 9.280904917051102e-05 0.0001635173327228075
3.9589274141155565e-06 2.5132349218044014e-10 9.37028336802741e-05 0.00016567462430509545
4.0515872579698884e-06 2.600527598472838e-10 9.47079011713416e-05 0.00016785399118411962
4.1464158323325134e-06 2.6908141898064546e-10 9.570792764678324e-05 0.00017005655108082027
4.243463896969711e-06 2.784181422212254e-10 9.670144233201541e-05 0.00017228217170349924
4.342783399694807e-06 2.880716801197906e-10 9.768687596268359e-05 0.00017453068440392464
4.444427504174759e-06 2.9805084237960665e-10 9.866255544542464e-05 0.00017680188304066915
4.54845061838756e-06 3.083644766316769e-10 9.962669824997472e-05 0.00017909552151300795
4.654908423745703e-06 3.1902144451327713e-10 0.00010057740651953 0.0001814113111618679
4.763857904901293e-06 3.3003059480132684e-10 0.00010151266088563872 0.00018374891683688567
4.875357380248707e-06 3.414068521952429e-10 0.00010255460091574232 0.00018610922391024321
4.98946653314128e-06 3.531695882554978e-10 0.00010360706565952285 0.00018849389927180863
5.106246443838524e-06 3.6533027933572064e-10 0.00010465482021018583 0.00019090286877751337
5.225759622201133e-06 3.7790045829889686e-10 0.00010569636466650634 0.00019333600626588213
5.348070041151213e-06 3.908917750122128e-10 0.00010673009820968447 0.00019579314970384658
5.473243170915657e-06 4.0431597330056406e-10 0.0001077543136245924 0.00019827409880604637
5.601346014071e-06 4.181848648068145e-10 0.00010876719154518527 0.0002007786125076881
5.7324471414085055e-06 4.3251029946967903e-10 0.00010976679441063002 0.00020330640563917784
5.8666167286386844e-06 4.4730821130879465e-10 0.00011083952896110331 0.00020585784859716334
6.003926593954898e-06 4.6260401453562694e-10 0.00011194854199361873 0.00020843481917882657
6.144450236476143e-06 4.784135737192894e-10 0.00011305607486176811 0.00021103742859685638
6.288262875589606e-06 4.94752250838797e-10 0.00011416079355283533 0.0002136656274212735
6.435441491214034e-06 5.116356351965471e-10 0.00011526127129512756 0.00021631933417065412
6.586064865005493e-06 5.290795216136835e-10 0.00011635598347267772 0.00021899843323566878
6.740213622527547e-06 5.470998853310383e-10 0.00011744330228290997 0.00022170277255451596
6.8979702764084495e-06 5.657128532989213e-10 0.00011852149112471633 0.0002244321608398333
7.0594192705084395e-06 5.849370584632324e-10 0.00011964872758445616 0.0002271867055712324
7.2246470251208e-06 6.048046705199312e-10 0.00012083407165795075 0.00022996833206986595
7.393741983230789e-06 6.253375752910252e-10 0.00012201741230301089 0.00023277735670130937
7.566794657857419e-06 6.465555601640563e-10 0.0001231972938706971 0.00023561371674360102
7.743897680503136e-06 6.684786966128928e-10 0.00012437215992567178 0.00023847731430450285
7.92514585073756e-06 6.911273111491798e-10 0.00012554034772767784 0.0002413680142676315
8.110636186941718e-06 7.145219519470628e-10 0.000126700082434222 0.00024428564176700055
8.300467978239971e-06 7.386833507266136e-10 0.00012784947101085082 0.0002472299793944589
8.49474283764742e-06 7.63633536303497e-10 0.00012902706794712772 0.0002502009001985639
8.693564756461246e-06 7.894136283883246e-10 0.00013029580446861734 0.0002532004315122803
8.897040159925088e-06 8.160547774463847e-10 0.0001315594572769119 0.0002562292540949167
9.105277964196262e-06 8.435819263297881e-10 0.0001328162603155378 0.0002592872308285702
9.318389634646344e-06 8.720202957159589e-10 0.0001340643281903459 0.00026237418160557347
9.53648924552619e-06 9.013953378268574e-10 0.00013530164968230022 0.00026548988126110504
9.759693541027623e-06 9.317326838130712e-10 0.0001365260809334871 0.0002686340565846045
9.988121997774104e-06 9.63058084207919e-10 0.0001377353382904093 0.0002718063831553445
1.0221896888774101e-05 9.953974953458266e-10 0.00013894129313006415 0.0002750064951740039
1.0461143348871297e-05 1.0287994459400059e-09 0.00014027907443015298 0.00027823615285653484
1.0705989441726664e-05 1.0633100935821397e-09 0.0001416113817265927 0.00028149669345131515
1.0956566228368292e-05 1.0989614348721017e-09 0.00014293634481274945 0.00028478797026779335
1.1213007837345621e-05 1.1357858235779138e-09 0.00014425196720687763 0.0002881097904814175
1.1475451536525683e-05 1.1738159117069883e-09 0.00014555611928943445 0.0002914619135573362
1.1744037806569732e-05 1.213084582508623e-09 0.00014684653109473363 0.00029484404808818306
1.201891041612962e-05 1.2536248746503296e-09 0.00014812078474008488 0.0002982558484609809
1.230021649880418e-05 1.295469896747845e-09 0.00014937630647475622 0.0003016969098897497
1.258810663189678e-05 1.3386719568030817e-09 0.00015076224682125897 0.000305168309964691
1.2882734917016228e-05 1.383297784758479e-09 0.00015216108664878604 0.000308672101243798
1.318425906256416e-05 1.4293889024939202e-09 0.00015355316052200312 0.0003122081738859548
1.3492840468153072e-05 1.4769870559554663e-09 0.0001549364391315786 0.00031577634808354146
1.3808644311000185e-05 1.5261344241530381e-09 0.00015630875706642295 0.0003193763955035317
1.4131839634343373e-05 1.576873539074234e-09 0.0001576678054319887 0.0003230080360769238
1.44625994379265e-05 1.6292471948181586e-09 0.00015901112409707485 0.0003266709345910383
1.480110077060262e-05 1.6832983449422305e-09 0.00016033609355102868 0.0003303646962761478
1.5147524825104427e-05 1.7390830522444486e-09 0.00016175056214420778 0.00033408973438033885
1.550205703503315e-05 1.7966887622808767e-09 0.00016321103538702945 0.00033784839184234847
1.586488717411718e-05 1.8561723358251668e-09 0.00016466947665779133 0.00034164080977850054
1.6236209457794034e-05 1.9175890405700756e-09 0.00016612412332440952 0.00034546692108465397
1.6616222647169854e-05 1.980994984373493e-09 0.00016757309027678463 0.000349326616313989
1.7005130155412094e-05 2.0464470423487204e-09 0.0001690143632135733 0.0003532197409315456
1.740314015663236e-05 2.1140027727538556e-09 0.00017044579158966613 0.00035714609224517046
1.7810465697317732e-05 2.183720320601212e-09 0.00017186508120780355 0.00036110541581464077
1.822732481036997e-05 2.2556650912174152e-09 0.0001733367919217832 0.00036509777677977174
1.865394063181422e-05 2.3299430358793582e-09 0.00017487705414849842 0.00036912533732497393
1.9090541520238954e-05 2.406632403130389e-09 0.00017641909774725778 0.0003731885467758698
1.9537361179031605e-05 2.485805828492272e-09 0.00017796134149118402 0.00037728742853004676
1.9994638781475142e-05 2.5675372880677335e-09 0.00017950209028543313 0.00038142196771811507
2.046261909877256e-05 2.6519020319315135e-09 0.00018103952886216825 0.00038559210888132873
2.094155263106783e-05 2.7389765055030987e-09 0.00018257171515558237 0.00038979775311605953
2.1431695741533404e-05 2.8288382577062902e-09 0.00018409657334131704 0.0003940387549358304
2.1933310793596105e-05 2.9215687204296285e-09 0.00018565183948857604 0.0003983150502106103
2.2446666291374834e-05 3.0172995210110218e-09 0.00018730277308033565 0.00040262873636114023
2.2972037023405232e-05 3.1161380198225046e-09 0.00018895240823749314 0.00040698059517828007
2.3509704209728272e-05 3.2181760370566013e-09 0.0001905988231225154 0.0004113705752921852
2.4059955652421524e-05 3.323506865973932e-09 0.00019223996134081078 0.00041579857855610606
2.4623085889653616e-05 3.4322251618239607e-09 0.00019387362454921246 0.00042026445762759413
2.5199396353344406e-05 3.5444268131120656e-09 0.00019549746469055864 0.00042476801259631663
2.5789195530515217e-05 3.6602087935002875e-09 0.0001971089758361042 0.0004293089874141531
2.639279912841554e-05 3.779669369965669e-09 0.00019872001766819364 0.00043388707842184995
2.7010530243514573e-05 3.902970007689643e-09 0.00020047743473196875 0.0004385042569346806
2.764271953444804e-05 4.030266081245682e-09 0.00020222984452689707 0.00044316202724861947
2.828970539901289e-05 4.1616730952486046e-09 0.00020397494473449804 0.000447860248617897
2.8951834155304625e-05 4.297308103021049e-09 0.00020571027566601007 0.0004525987236652423
2.9629460227094224e-05 4.437289530315283e-09 0.0002074332116782654 0.00045737719621477964
3.03229463335436e-05 4.581736973499855e-09 0.0002091409521565549 0.0004621953473503523
3.103266368336199e-05 4.730770969784375e-09 0.00021083051204335882 0.00046705279126010846
3.1758992173506e-05 4.884512736853211e-09 0.00021249871189079895 0.00047194906916568776
3.2502320592530694e-05 5.043141534141493e-09 0.00021431983665571298 0.0004768854393138586
3.326304682869993e-05 5.206882626828534e-09 0.00021615836536001932 0.0004818643573365508
3.404157808296776e-05 5.37588491422608e-09 0.0002179899233148177 0.0004868857213132444
3.483833108694467e-05 5.550298422162582e-09 0.00021981197935138952 0.0004919493409029188
3.5653732325965114e-05 5.730275030270661e-09 0.00022162183091284458 0.0004970549652220313
3.6488218267376626e-05 5.915968226226969e-09 0.00022341659473170506 0.000502202278802638
3.73422355941715e-05 6.107532825406487e-09 0.00022519319703777279 0.0005073908973006465
3.821624144408694e-05 6.3051246526883346e-09 0.000226948363273376 0.0005126203619797736
3.9110703654301435e-05 6.508940883053375e-09 0.0002288131889884083 0.0005178911861230157
4.0026101011858253e-05 6.719279061784113e-09 0.00023073497514031788 0.0005232062611392596
4.096292350995022e-05 6.936339050667225e-09 0.00023265299866677926 0.0005285657433179562
4.192167261020289e-05 7.160315528913136e-09 0.0002345648631321118 0.0005339695182420128
4.2902861511096555e-05 7.391406063300992e-09 0.00023646800669066616 0.0005394174139546025
4.3907015422670694e-05 7.629810849631553e-09 0.00023835969303810393 0.0005449091972412656
4.493467184765805e-05 7.875732414924629e-09 0.00024023700190570348 0.0005504445694861162
4.598638086919862e-05 8.129375276593307e-09 0.00024209681907538385 0.0005560231618642075
4.706270544528781e-05 8.390967197863756e-09 0.00024401989985717296 0.0005616449936828842
4.8164221710116075e-05 8.660870569325856e-09 0.0002460307853468216 0.0005673127780678051
4.929151928246164e-05 8.939359446340463e-09 0.0002480439419130113 0.0005730270980042897
5.044520158130118e-05 9.226689302673005e-09 0.0002500573013260182 0.0005787879826765398
5.162588614880743e-05 9.523120372017218e-09 0.0002520686464832333 0.0005845954112230739
5.2834204980906736e-05 9.828917428402035e-09 0.0002540756031668707 0.0005904493096973959
5.4070804865573294e-05 1.0144349526144387e-08 0.0002560756313834387 0.0005963495473350559
5.5336347729041376e-05 1.0469689695317136e-08 0.00025806601626451127 0.0006022959324872136
5.663151099012063e-05 1.0805222202223997e-08 0.00026008587669320026 0.0006082883422697312
5.7956987922804495e-05 1.1151374895947355e-08 0.00026221366571767117 0.0006143290258854279
5.931348802736482e-05 1.1508519889523924e-08 0.0002643472373718631 0.0006204189875522769
6.070173741013337e-05 1.1876988799500941e-08 0.00026648464233629016 0.0006265583393576887
6.2122479172171e-05 1.225712002891619e-08 0.00026862378694077156 0.0006327471458087299
6.357647380703433e-05 1.2649258556847487e-08 0.0002707624251103437 0.0006389854212364235
6.506449960785212e-05 1.3053755682324762e-08 0.0002728981499012377 0.0006452731261740623
6.658735308392948e-05 1.3470968717939521e-08 0.00027502838460684347 0.0006516101635236569
6.814584938710283e-05 1.3901261429718525e-08 0.00027716353939495896 0.000657996384264668
6.974082274807324e-05 1.4345161354478696e-08 0.0002794512341682136 0.0006644338721536389
7.137312692295359e-05 1.4803184277381121e-08 0.00028173750269827244 0.0006709242521021038
7.304363565026598e-05 1.5275743564123878e-08 0.000284019708293878 0.0006774674623091394
7.47532431186359e-05 1.576325942164212e-08 0.00028629502926270407 0.0006840633762619959
7.650286444543286e-05 1.6266158438490986e-08 0.000288560448742605 0.0006907117999447527
7.829343616661371e-05 1.678487305022449e-08 0.0002908127440183495 0.0006974124672023454
8.012591673803087e-05 1.7319840922464316e-08 0.0002930484752987 0.0007041650348513788
8.200128704847386e-05 1.787150424373809e-08 0.00029526397392749235 0.0007109690756633795
8.392055094471868e-05 1.8440472749498172e-08 0.0002976525117128542 0.0007178260477524938
8.588473576886614e-05 1.902749584429962e-08 0.0003000643543077337 0.0007247387966792168
8.789489290825678e-05 1.9633100867181333e-08 0.00030247004824799473 0.000731707254680009
8.995209835825662e-05 2.0257820250073826e-08 0.0003048664850571694 0.0007387312437243437
9.205745329821518e-05 2.0902194030987635e-08 0.00030725034310695877 0.0007458105114033298
9.42120846809039e-05 2.1566769121173386e-08 0.0003096180759793758 0.0007529447259044549
9.641714583575055e-05 2.225209846305437e-08 0.0003119659002416146 0.0007601334706731427
9.867381708619248e-05 2.2958740068497226e-08 0.00031428978260499116 0.0007673762375876106
0.00010098330638147942 2.3687382659585365e-08 0.00031674951885729335 0.0007746736885676117
0.00010334684994326319 2.4439037673682162e-08 0.00031928063017199273 0.0007820294314676533
0.00010576571292732201 2.5214400382846688e-08 0.00032180510422696683 0.0007894436341898277
0.00010824119010077183 2.6014148340850672e-08 0.00032431966576841696 0.0007969161057069952
0.00011077460653512827 2.6838968771723955e-08 0.0003268208151305243 0.0008044465763877291
0.00011336731831559005 2.768955764074943e-08 0.000329304815985642 0.0008120346929445831
0.00011602071326692277 2.8566618587025055e-08 0.00033176768247639203 0.0008196800128138933
0.00011873621169633335 2.9470861704372953e-08 0.0003342051656995072 0.0008273819976620016
0.00012151526715373054 3.0403074590688367e-08 0.00033672379966256596 0.00083514060701563
0.00012435936720978007 3.136451382815567e-08 0.0003393600972671723 0.0008429594395610207
0.00012727003425217043 3.235612997175008e-08 0.0003419964453660578 0.0008508392385173248
0.0001302488263005152 3.337880477284556e-08 0.0003446299253631367 0.0008587799720250406
0.00013329733784032895 3.443343541886786e-08 0.0003472574120757624 0.0008667815376551862
0.00013641720067652152 3.552093367719597e-08 0.00034987556235098087 0.0008748437581980657
0.0001396100848068701 3.6642224891582596e-08 0.00035248080310521857 0.0008829663764858131
0.00014287769931593396 3.7798246816589204e-08 0.0003550693187592195 0.0008911490497797635
0.00014622179328989187 3.898997152927594e-08 0.0003576886619776899 0.00089939150203667
0.00014964415675279176 4.0218847089416985e-08 0.00036044689876119426 0.0009076965026263114
0.0001531466216247133 4.1486163201504077e-08 0.0003632148450066895 0.0009160653974291285
0.0001567310627023567 4.279307669316191e-08 0.0003659901304602926 0.0009244983846227796
0.00016039939866258266 4.4140769181191e-08 0.00036877020637791506 0.00093299560443798
0.0001641535930894396 4.553044650396387e-08 0.00037155233552191573 0.0009415571359931626
0.0001679956555252302 4.696333801146737e-08 0.00037433358164772567 0.0009501829928152839
0.00017192764254617729 4.844069569817603e-08 0.00037711079845544125 0.0009588731181026927
0.00017595165886326634 4.996379477429061e-08 0.0003798925384824703 0.0009676273867302305
0.00018006985844885366 5.153436070717315e-08 0.00038284132589389794 0.0009764480068196444
0.00018428444568964296 5.315412837863604e-08 0.0003857964048525014 0.000985336885827123
0.00018859767656664807 5.4824561679536356e-08 0.0003887549520268512 0.0009942941382575373
0.00019301185986277187 5.6547153650323074e-08 0.0003917139373224207 0.0010033198092412514
0.00019752935839865095 5.8323425490618945e-08 0.0003946701123797547 0.0010124138713245058
0.00020215259029742383 6.015492536359112e-08 0.00039761999848790763 0.0010215762192839722
0.00020688403027910196 6.204322697429813e-08 0.0004005598738845266 0.0010308066646548576
0.00021172621098523625 6.39899278994237e-08 0.00040348576041257116 0.0010401049280234678
0.00021668172433458727 6.599708715349574e-08 0.00040660035333472174 0.0010494726845597737
0.00022175322291052583 6.806716686501554e-08 0.00040974530226216613 0.0010589131206127406
0.00022694342138090487 7.020201071072623e-08 0.0004128859616488322 0.0010684262294518505
0.00023225509795116612 7.240348355759476e-08 0.0004160185419739564 0.0010780118680734807
0.00023769109585145484 7.467348001057156e-08 0.000419138990311035 0.001087669802764874
0.00024325432485854218 7.701392226209178e-08 0.0004222429758887101 0.0010973997028959832
0.0002489477628533681 7.942675759919605e-08 0.0004253258749218587 0.0011072011343214207
0.00025477445741503937 8.191395553512534e-08 0.00042838275467724744 0.0011170735510367073
0.00026073752745213517 8.447788343578544e-08 0.00043160168565462557 0.0011270177552706797
0.0002668401648721946 8.712193051867435e-08 0.00043491067998915726 0.0011370381429192803
0.000273085636290277 8.984850734308086e-08 0.00043821224587956654 0.0011471349574359298
0.0002794772847775153 9.265996796129852e-08 0.00044150218985078226 0.0011573079788564154
0.0002860185316505911 9.55587016176718e-08 0.0004447760299159773 0.0011675568865681133
0.0002927128783030946 9.854712976115611e-08 0.0004480289798086172 0.0011778812528186603
0.00029956390807974847 1.0162770260130672e-07 0.0004512559324185094 0.0011882805354909948
0.0003065752881944971 1.048028951638813e-07 0.00045445144239299884 0.0011987540697826738
0.00031375077169349086 1.0807543406560521e-07 0.0004577506852700607 0.0012093018016544118
0.0003210941994640123 1.1144962556761349e-07 0.00046120465541134786 0.0012199284183621623
0.0003286095022904255 1.1492873430788616e-07 0.00046465416340434295 0.0012306348439755557
0.00033630070295824146 1.1851577297741073e-07 0.00046809506498345804 0.0012414209282562024
0.0003441719184074326 1.222138028956598e-07 0.0004715229275656421 0.001252286420856039
0.00035222736193614483 1.2602593064332973e-07 0.00047493301444163303 0.0012632309654330468
0.00036047134545598864 1.2995530415357278e-07 0.0004783202681681066 0.0012742540924295844
0.00036890828180011616 1.3400510820921649e-07 0.00048167929312169813 0.001285355211257508
0.0003775426870853177 1.38178638313123e-07 0.00048507586315241924 0.0012965338098483933
0.0003863791831294074 1.4248095328414798e-07 0.0004886717808296272 0.0013077937734842827
0.00039542249992518494 1.4691650912077336e-07 0.0004922726041563189 0.001319136930624864
0.00040467747817230263 1.514892147603742e-07 0.0004958746944268548 0.0013305633541086498
0.0004141490718683915 1.5620305409814404e-07 0.0004994741500098014 0.001342073027962613
0.0004238423509608335 1.6106208308007728e-07 0.0005030667917756106 0.001353665842802445
0.0004337625040605987 1.6607042622839805e-07 0.0005066481477845439 0.0013653415892415368
0.00044391484121960163 1.7123227254246173e-07 0.0005102134371986475 0.0013770999509302813
0.0004543047967730601 1.765518739801866e-07 0.0005137695199588983 0.0013889405015651071
0.00046493793224838435 1.8203496680010318e-07 0.0005175405145674554 0.0014008658025336763
0.0004758199393421456 1.8768751070830446e-07 0.000521325966041523 0.0014128784494880484
0.00048695664296672335 1.9351457770012302e-07 0.0005251227174929196 0.0014249787421494323
0.0004983540043682601 1.9952135039030548e-07 0.0005289273726159253 0.0014371669022929785
0.0005100181243175925 2.0571311987291348e-07 0.0005327362822444276 0.001449443070248736
0.0005219552463758677 2.1209528299481678e-07 0.0005365455302231807 0.0014618072988939303
0.0005341717602365903 2.1867333898120286e-07 0.0005403509185595416 0.0014742595473104339
0.0005466742051458951 2.2545288534621218e-07 0.0005441479518204312 0.0014867996721339872
0.000559469273402868 2.324407604488637e-07 0.0005481449439016449 0.0014994294945078243
0.0005725638139417951 2.3964501001433197e-07 0.0005521841489308019 0.001512152560739592
0.0005859648359982553 2.470720242239152e-07 0.0005562252773894593 0.0015249690280447004
0.0005996795128610181 2.547282811172815e-07 0.0005602639881831172 0.0015378788904931258
0.0006137151857117567 2.626203767789174e-07 0.0005642956308934652 0.0015508820381585453
0.0006280793675546278 2.7075501979485636e-07 0.0005683152287013205 0.0015639782498338658
0.0006427797472378308 2.791390247036055e-07 0.0005723174604439978 0.0015771671852802325
0.0006578241935692849 2.877793043415419e-07 0.0005762966417647854 0.0015904483755406558
0.0006732207595286407 2.9668392675192733e-07 0.000580462153222331 0.0016038228124758088
0.0006889776865778715 3.058640469852711e-07 0.000584737499960545 0.0016172956532417508
0.0007051034090727575 3.153279144178522e-07 0.0005890046753839658 0.0016308672337103202
0.0007216065587776216 3.250836040758678e-07 0.000593258362308708 0.001644537303623508
0.0007384959694857329 3.3513931647825627e-07 0.0005974928763447883 0.0016583054851065826
0.0007557806817478518 3.4550336812165633e-07 0.0006017021458050316 0.0016721712644048822
0.0007734699477114517 3.561841804741361e-07 0.000605879690599287 0.0016861339826894192
0.0007915732360731991 3.671902673339226e-07 0.0006100186000644112 0.0017001928255315248
0.0008101002371473517 3.785309259353461e-07 0.0006142843836999259 0.00171434768822827
0.0008290608680527811 3.9022067065932055e-07 0.0006187516953157952 0.001728604522690011
0.0008484652780214013 4.0227062114007023e-07 0.0006232097230981675 0.0017429645152013296
0.0008683238538308426 4.1469099544105395e-07 0.0006276528583563108 0.0017574273872192946
0.000888647225364274 4.2749216911052796e-07 0.0006320751057984542 0.001771992724767598
0.0009094462713003649 4.406846630460746e-07 0.0006364700623913569 0.0017866599705716089
0.0009307321249364116 4.5427912946668326e-07 0.0006408308951524234 0.0018014284143792582
0.0009525161801477611 4.6828633581017813e-07 0.0006451503178222638 0.0018162971825136636
0.0009748100974867164 4.827173938125154e-07 0.0006495138923201443 0.0018312654780992046
0.0009976258104241874 4.975896943211954e-07 0.0006541572572100634 0.0018463385907830634
0.0010209755317374307 5.129184684556387e-07 0.0006587964939646665 0.0018615189824750516
0.0010448717600472944 5.287167737057226e-07 0.0006634261635854582 0.0018768064968620133
0.0010693272865084718 5.449978872714975e-07 0.0006680404467661863 0.0018922008450549014
0.0010943552016563394 5.617752928840599e-07 0.0006726331230096517 0.0019077015990125717
0.0011199689024140522 5.790626654258832e-07 0.0006771975486882955 0.0019233081820175738
0.0011461820992636283 5.968738531358533e-07 0.0006817266339969643 0.0019390198586281915
0.0011730088235848988 6.152228621948635e-07 0.0006862241441477399 0.001954835724152435
0.0012004634351662055 6.341292064053086e-07 0.0006910393251214286 0.001970759222055511
0.0012285606298909 6.536135006446017e-07 0.000695864290846269 0.0019867941213552263
0.0012573154476037433 6.736926571607746e-07 0.0007006943964035069 0.0020029405974440234
0.0012867432801614235 6.943839266433917e-07 0.000705524657337078 0.002019198710983484
0.0013168598796714968 7.157048877794642e-07 0.0007103497307752985 0.002035568403272956
0.0013476813669241635 7.376734345705557e-07 0.0007151638955930116 0.0020520494877383395
0.001379224240021392 7.603077611834025e-07 0.0007199610315672169 0.002068641640950979
0.00141150538320801 7.83626344086935e-07 0.0007247345974769444 0.0020853443908516803
0.0014445420759094905 8.076514049822374e-07 0.0007297371769414815 0.0021021595446201313
0.0014783520019812696 8.324097541975222e-07 0.0007348068789010967 0.00211909155691952
0.0015129532591745456 8.579232456844212e-07 0.0007398901065805121 0.0021361408912125525
0.0015483643688236342 8.842140623626678e-07 0.0007449821976652481 0.0021533078057200594
0.0015846042857600405 9.113048459893527e-07 0.0007500781449259015 0.002170592446806515
0.0016216924084586054 9.392186853552473e-07 0.0007551725769785801 0.0021879948408838347
0.0016596485894210947 9.679791017224863e-07 0.0007602597380661872 0.0022055148857636395
0.001698493145802833 9.976100312198307e-07 0.0007653334668126006 0.0022231523400317536
0.0017382468702880555 1.0281385346847547e-06 0.0007706078585594773 0.0022409083987716513
0.0017789310422197996 1.0596004076526563e-06 0.0007760101504366781 0.002258788750917894
0.001820567438990296 1.0920234653421714e-06 0.0007814055897144837 0.0022767938713057147
0.0018631783476979538 1.125435037433736e-06 0.0007867877033787109 0.0022949235265054715
0.0019067865770771818 1.159862904294759e-06 0.0007921495679565627 0.0023131773277204237
0.0019514154697074296 1.1953352685469597e-06 0.0007974837848154475 0.0023315547206432786
0.0019970889145079864 1.2318807219637078e-06 0.0008027824542131566 0.002350054974178416
0.0020438313595252233 1.2695282072432764e-06 0.0008080371480384219 0.002368677167630304
0.0020916678250191235 1.3083089892823855e-06 0.0008134403072057395 0.002387421145788742
0.002140623916856109 1.3482709571565362e-06 0.0008190993335047572 0.002406294207887375
0.0021907258402153345 1.3894513853984495e-06 0.0008247416875513481 0.0024252978489835465
0.0022420004136157546 1.4318843748315755e-06 0.000830359916882692 0.0024444315984696523
0.002294475083271549 1.475604526278636e-06 0.0008359460601524334 0.002463694805855416
0.002348177937783494 1.5206468977157086e-06 0.000841491619380794 0.002483086630454498
0.002403137723174208 1.5670469549344572e-06 0.0008469875308050678 0.0025026060286504207
0.0024593838582753044 1.6148405150917456e-06 0.000852424134262213 0.002522251740211482
0.002516946450474678 1.6640643703697803e-06 0.0008579030304940731 0.0025420225429029423
0.0025758563118323664 1.7147765863077672e-06 0.0008637611408404443 0.0025619252179864614
0.0026361449755736045 1.7670285226537103e-06 0.0008696051155511057 0.002581963089328979
0.002697844712967906 1.8208633724174586e-06 0.0008754274609914829 0.0026021357461369354
0.002760988550603204 1.8763249919011504e-06 0.0008812201689183214 0.0026224425949822874
0.0028256102880642947 1.933457850417764e-06 0.0008869746883703036 0.002642882851093509
0.0028917445160250577 1.9923069721700565e-06 0.000892681896139955 0.0026634555254773564
0.0029594266347641213 2.0529178695359895e-06 0.0008983320657576017 0.002684159411341268
0.0030286928731138984 2.1153364677774794e-06 0.0009039182886850896 0.0027049930641952153
0.003099580307853134 2.179628066421232e-06 0.0009099648876615435 0.002725961003570056
0.003172126883553309 2.2458629475924347e-06 0.000916006481684561 0.002747068585671543
0.0032463714328896205 2.314096226468988e-06 0.0009220360143124909 0.002768315617500281
0.0033223536974272792 2.384383964046071e-06 0.0009280459353115958 0.002789701731972466
0.0034001143488943506 2.4567831154525873e-06 0.0009340281735351288 0.0028112263815000837
0.0034796950109524877 2.531351469427731e-06 0.0009399741084305694 0.0028328888256290087
0.0035611382814772106 2.6081475780922746e-06 0.0009458745401080073 0.0028546881180025407
0.0036444877553596664 2.687230676076425e-06 0.0009517196578994355 0.0028766230894052345
0.003729788047842067 2.768673136822682e-06 0.0009578737821062741 0.00289869573296615
0.0038170848183993037 2.8525662825991702e-06 0.0009641255491503136 0.0029209124572079064
0.003906424795179514 2.9389818674791197e-06 0.0009703843804405623 0.002943273693441926
0.003997855800016689 3.0279923652452205e-06 0.0009766438461804845 0.0029657795296289093
0.00409142677402871 3.1196716455154495e-06 0.0009828970537472264 0.002988429899593794
0.004187187803814508 3.2140949248614483e-06 0.0009891366220673471 0.0030112245722299126
0.004285190148264394 3.3113387080819858e-06 0.0009953546546922968 0.00303416313990575
0.00438548626599784 3.4114807186412196e-06 0.0010015427115100293 0.0030572450046172407
0.00448812984344354 3.5146074220007537e-06 0.0010079426345232095 0.0030804710737417995
0.00459317582357661 3.6208340251261048e-06 0.0010145111582112024 0.0031038480241383512
0.004700680435328423 3.730253210478085e-06 0.0010210817102621489 0.003127376734827076
0.004810701223684794 3.8429560664934585e-06 0.0010276471534171785 0.003151057169579479
0.004923297080488616 3.959035360654881e-06 0.0010341998431104252 0.0031748891206323498
0.005038528275963433 4.078585469086576e-06 0.0010407315994813186 0.003198872197384743
0.005156456490974849 4.201702292963815e-06 0.0010472336779686804 0.0032230058136950906
0.005277144850047007 4.328483160425271e-06 0.001053696738417292 0.003247289173608364
0.005400657955151837 4.459031657932062e-06 0.0010603167651674497 0.0032717221756631363
0.005527061920289152 4.593499003306795e-06 0.0010672346858024192 0.0032963129177241432
0.005656424406876098 4.732007154283797e-06 0.0010741301590962559 0.0033210631979854765
0.0057888146599649045 4.874668020942422e-06 0.0010809939285148344 0.003345972391359729
0.0059243035453083225 5.0215951579267375e-06 0.001087816107379093 0.00337103964942605
0.006062963587292604 5.172903627720255e-06 0.0010945861445339458 0.003396263887652907
0.006204869007758247 5.328709843147036e-06 0.001101292788286272 0.0034216437696364217
0.006350095765729487 5.48913138711426e-06 0.0011079240485275595 0.003447177690246872
0.006498721598073523 5.654288430534705e-06 0.001114587331189426 0.0034728640012015536
0.006650826061111473 5.824368738032301e-06 0.0011217426175621178 0.0034987108964681514
0.006806490573203213 5.999541386681677e-06 0.0011288673327795652 0.0035247227018435543
0.006965798458328935 6.179945912042022e-06 0.001135951382331766 0.003550898597376845
0.007128834990690744 6.365723758148573e-06 0.0011429839912702627 0.0035772375172002497
0.007295687440358169 6.557018091079343e-06 0.0011499536672469413 0.003603738138219261
0.007466445119982013 6.753973585224203e-06 0.0011568481616915432 0.0036303988630983558
0.007641199432601568 6.956736179669543e-06 0.0011636544290371455 0.0036572178023280082
0.007820043920570754 7.165452801897045e-06 0.001170358583898514 0.00368419274773146
0.008003074315629407 7.3803347378865254e-06 0.001177674016611706 0.0037113291997176584
0.008190388590146487 7.601617309712519e-06 0.0011849800452393962 0.0037386346957130755
0.008382087009562653 7.829476096315365e-06 0.0011922477316330773 0.0037661084786413434
0.008578272186060283 8.064089138555052e-06 0.0011994662642843767 0.003793749535841276
0.008779049133489586 8.305636765400524e-06 0.0012066241091227732 0.00382155659652755
0.008984525323580428 8.554301341343473e-06 0.001213708970368319 0.003849528114660463
0.009194810743469653 8.810266977794424e-06 0.0012207077494150653 0.003877662250883666
0.00941001795457493 9.07371920507093e-06 0.001227606501649238 0.0039059568491557946
0.009630262152846538 9.344888313258313e-06 0.0012349179446690328 0.003934414001044866
0.009855661230429373 9.624080989762334e-06 0.0012423701189475563 0.003963042911403547
0.010086335838768157 9.91152560251578e-06 0.0012498063045959555 0.00399184371986135
0.010322409453189654 1.0207450610627033e-05 0.0012572171099358537 0.004020815946985675
0.010564008438996448 1.0512088186167048e-05 0.0012645924964215622 0.0040499588885054266
0.010811262119107665 1.082567398600626e-05 0.0012719217432754523 0.004079271600360561
0.011064302843282844 1.1148446886308168e-05 0.001279193410337807 0.004108752882521657
0.011323266058966018 1.1480648676062199e-05 0.001286395299044004 0.004138401259963381
0.011588290383787907 1.182254758389505e-05 0.0012938407194988007 0.004168217040590598
0.0118595176797651 1.2174518845193743e-05 0.0013015262029533888 0.004198209022027065
0.01213709312923573 1.2536860589034786e-05 0.001309204435170394 0.0042283783699348775
0.012421165312572719 1.290986211804015e-05 0.0013168663841529938 0.004258724811577346
0.01271188628771567 1.329381780115003e-05 0.001324502386804594 0.004289247857062004
0.01300941167156434 1.3689026830384865e-05 0.0013321021142812881 0.0043199467855771735
0.013313900723277147 1.4095792934577724e-05 0.0013396545355920599 0.004350820629601933
0.013625516429519275 1.4514424045849816e-05 0.001347147879361142 0.004381868157429773
0.01394442559170606 1.4945243966913938e-05 0.001354786221895421 0.004413088720377585
0.014270798915288326 1.5388722082771606e-05 0.0013627917682258552 0.004444491386456233
0.014604811101127454 1.5845249619225733e-05 0.0013707701512575372 0.004476078562366292
0.01494664093900914 1.6315183369386084e-05 0.0013787105751735067 0.004507849496397844
0.015296471403345845 1.679888551485848e-05 0.0013866015103138945 0.004539803176133409
0.015654489751119195 1.7296723223819128e-05 0.0013944306532129819 0.004571938313903301
0.01602088762211477 1.7809068186805837e-05 0.001402184884621751 0.004604253328438527
0.016395861141502873 1.8336296084261196e-05 0.0014098502254176728 0.004636746325365251
0.016779611024820323 1.8878788887173713e-05 0.0014175198704566227 0.004669415241342827
0.017172342685409164 1.943712476399741e-05 0.0014257864304133736 0.004702269035150545
0.017574266344370353 2.0011841643545444e-05 0.001434003685924985 0.00473531308828775
0.017985597143090643 2.0603377604946584e-05 0.001442158985068453 0.004768546119355134
0.0184065552584033 2.121217622328601e-05 0.0014502388352750366 0.004801966538774258
0.018837366020444214 2.1838685944904372e-05 0.0014582288578669324 0.0048355724351167705
0.019278260033266423 2.2483359374447967e-05 0.001466113740308598 0.004869361554100553
0.019729473298277685 2.3146652465390125e-05 0.001473877186061399 0.004903331276456528
0.020191247340567126 2.3829023605059698e-05 0.00148150186192491 0.0049374785857424245
0.0206638293381886 2.453112448673358e-05 0.0014898557616305475 0.004971809431527767
0.021147472254469973 2.5253714193573774e-05 0.0014982133919690009 0.005006333818850086
0.021642434973419132 2.5997335408703495e-05 0.0015064977399114263 0.005041050271190681
0.02214898243829923 2.676253603295241e-05 0.0015146943558210786 0.00507595692633062
0.022667385793447292 2.754986940604648e-05 0.001522787848780684 0.00511105157744058
0.023197922529412215 2.835989336397764e-05 0.0015307618360004788 0.005146331650823264
0.02374087663148949 2.919316917187844e-05 0.0015385988896895195 0.005181794182408954
0.02429653873173293 3.0050260320918022e-05 0.0015462804812668486 0.005217435787512065
0.02486520626452377 3.0931873928063535e-05 0.0015544928413867458 0.005253258429590762
0.02544718362578116 3.1839014714586935e-05 0.0015629083380508694 0.005289275063899816
0.026042782335899007 3.277238051503905e-05 0.0015712575627858216 0.005325485151907901
0.026652321206496323 3.373265736039792e-05 0.0015795264979001076 0.005361886999162963
0.02727612651107051 3.472053895472578e-05 0.001587700207217079 0.005398478576095474
0.027914532159644755 3.573672560932835e-05 0.0015957627866172725 0.005435257497064833
0.028567879877503144 3.678192303201055e-05 0.001603697312099023 0.005472220997422825
0.029236519388109106 3.785684095797317e-05 0.0016114857852365604 0.005509365906832212
0.02992080860030512 3.896227044771036e-05 0.0016195649610282507 0.005546691275074093
0.030621113799893886 4.009943237534914e-05 0.0016280138514415726 0.005584209681782873
0.0313378098457035 4.126924922031458e-05 0.001636416304644682 0.005621922510932845
0.03207128037024161 4.2472587964669854e-05 0.0016447596695088756 0.0056598285435268455
0.03282191798504598 4.3710327569245044e-05 0.0016530304511377745 0.005697926256424111
0.03359012449084106 4.498335791330486e-05 0.001661214265182193 0.005736213804606716
0.034376311092613916 4.6292578577844126e-05 0.0016692957898574317 0.005774689000101553
0.0351808986197235 4.7638897457726577e-05 0.0016772587155510317 0.005813349288986006
0.036004317751161884 4.902325865333728e-05 0.001685325704744423 0.005852192543128068
0.036847009246087845 5.044709152480424e-05 0.0016938857748434288 0.005891229339199045
0.037709424179756035 5.1911614336426326e-05 0.0017024031456963928 0.005930463138908242
0.038592024184968196 5.341790865320354e-05 0.0017108653074510483 0.005969892813164604
0.03949528169917565 5.496707169203027e-05 0.0017192589123413962 0.00600951693012529
0.040419680217365216 5.656021509619211e-05 0.001727569729260226 0.006049333739556754
0.041365714550864054 5.819846352427216e-05 0.0017357825960457988 0.006089341151902661
0.04233389109220189 5.988295303583291e-05 0.0017438813693712886 0.00612953671614926
0.0433247280861724 6.161483262993749e-05 0.001751927231778865 0.006169917663539191
0.04433875590723893 6.339580722173882e-05 0.0017607005343211052 0.006210493307159201
0.045376517343432864 6.522752921999613e-05 0.0017693918298294024 0.006251270398907289
0.04643856788689694 6.711130322265651e-05 0.0017779855905331872 0.006292246871012354
0.04752547603122824 6.904844744429878e-05 0.0017864652807593562 0.006333420277285618
0.0486378235757816 7.104029162001634e-05 0.001794813302820937 0.0063747877775435
0.0497762059370943 7.308817462990171e-05 0.0018030109401938291 0.006416346112450831
0.05094123246760033 7.519344181835306e-05 0.0018110382978496955 0.00645809157702079
0.05213352678180401 7.735744198030407e-05 0.001818874239606756 0.006500019982857763
0.05335372709008796 7.958207390785298e-05 0.0018275388458343959 0.006542137041957056
0.054602486540333825 8.186969547759126e-05 0.0018362390520436705 0.006584455802431045
0.05588047356753874 8.422190058145218e-05 0.0018448152214021844 0.006626973817341873
0.05718837225161477 8.664028503901284e-05 0.0018532489329776377 0.006669688007111543
0.05852688268356263 8.912645448137388e-05 0.0018615205997918295 0.00671259485329545
0.05989672134021587 9.168202101062622e-05 0.0018696094067254011 0.006755690371168714
0.06129862146775603 9.430859944919389e-05 0.0018774932453209782 0.00679897008064352
0.06273333347420412 9.700780314202907e-05 0.0018851486453340623 0.006842428969426537
0.06420162533109855 9.978165708903519e-05 0.0018934174051903837 0.0068860680240575515
0.06570428298457386 0.00010263329492866308 0.0019019880778205272 0.006929904427257019
0.06724211077606207 0.00010556475643512288 0.0019104262065303813 0.006973936966559591
0.0688159318728395 0.00010857799268954538 0.0019187129119759075 0.00701816236241921
0.07042658870865123 0.00011167496578729687 0.0019268281257578137 0.0070625768842244065
0.07207494343464833 0.00011485764468248867 0.0019347505272061935 0.007107176323735237
0.07376187838087955 0.00011812800052697392 0.001942457477009804 0.007151955965433016
0.0754882965285842 0.00012148800145834371 0.001949924947536769 0.007196910552456747
0.07725512199353927 0.0001249398367052234 0.001957709522954277 0.007242037242630915
0.07906330052071946 0.0001284873161600418 0.0019660547280725546 0.007287353295504594
0.08091379999053473 0.00013213315665943802 0.001974276957458909 0.0073328603578065275
0.08280761093691669 0.00013587976942159937 0.0019823582587659783 0.007378555384696923
0.0847457470775307 0.00013972958291825612 0.001990279545583113 0.007424434899735319
0.08672924585639806 0.00014368503823567347 0.001998020537084924 0.007470494972212463
0.08875916899921808 0.0001477485838591709 0.002005559694666187 0.007516731188871319
0.0908366030816881 0.00015192266982905453 0.002012874155416728 0.0075631386233291145
0.09296266011112407 0.00015620981914652845 0.0020202505023569906 0.007609712632511532
0.09513847812169614 0.0001606145023528084 0.0020284546356685255 0.007656468750872364
0.0973652217835939 0.0001651403794914047 0.0020365057332836925 0.007703412250133584
0.09964408302645045 0.00016979033949544352 0.0020443838720706872 0.007750539373236698
0.10197628167735744 0.0001745672835451773 0.0020520678886940297 0.007797845880666319
0.10436306611381327 0.0001794741185747368 0.002059535313936727 0.007845327029479396
0.10680571393195358 0.00018451375000699775 0.0020667623037495106 0.007892977542393532
0.109305532630422 0.00018968907364766354 0.002073723566868358 0.007940791575243049
0.11186386031024691 0.00019500296699649316 0.002080404894401801 0.007988762677022511
0.11448206639109923 0.00020045932141159447 0.002087596169885254 0.008036892948806173
0.11716155234431426 0.0002060628049352133 0.002094900952352674 0.008085190234741668
0.11990375244307021 0.00021181762710359677 0.0021023193029013564 0.008133657160237166
0.12271013453012482 0.00021772812119538192 0.002109851161136749 0.008182296345421409
0.12558220080352114 0.00022379874752739915 0.002117496336507522 0.008231110407350199
0.1285214886206832 0.0002300340967894249 0.002125254499162136 0.008280101956897464
0.13152957132133036 0.00023643889341287878 0.0021331251703026605 0.00832927359542956
0.1346080590696551 0.0002430179989677786 0.0021411077120104035 0.008378627911538466
0.13775859971620935 0.0002497763741407761 0.0021491565330753006 0.008428167174882881
0.1409828796799649 0.00025671887402872035 0.002157198247134061 0.008477891867977599
0.14428262485101853 0.0002638503758177763 0.002165223289845293 0.008527801712089033
0.14765960151442503 0.00027117585042581236 0.002173221567751446 0.008577896203823395
0.15111561729565304 0.00027870036013252043 0.0021811822916239323 0.00862817459878261
0.15465252212816924 0.00028642905587613574 0.0021890939384157666 0.00867863589507964
0.1582722092436695 0.0002943671739946549 0.002196944211293059 0.008729278815955869
0.1619766161854863 0.00030252003235634105 0.0022047199976515755 0.008780101744235555
0.16576772584571564 0.00031090122129247906 0.0022194552267920456 0.008831152552189353
0.1696475675266178 0.0003195455454781422 0.002235798361389251 0.008882601456064402
0.1736182180268608 0.0003284484763006779 0.0022477688518924076 0.008934377438874644
0.17768180275318793 0.00033759895324590494 0.0022550391585942 0.008986375796931456
0.18184049685810239 0.000346983424924863 0.002257263410672725 0.00903848403578459
0.1860965264041834 0.00035658558290093745 0.0022540764720714737 0.009090581462500297
0.19045216955564986 0.00036638607209945896 0.002245092961596431 0.009142538730067134
0.19490975779781464 0.00037636217590994767 0.002229906225025934 0.00919421714088428
0.19947167718508027 0.0003865323172731095 0.002259344685111759 0.009245693577817484
0.20414036961814436 0.00039729554953451044 0.002344217875416789 0.0092989240051132
0.2089183341510982 0.0004086141914980182 0.002386040019234179 0.009353621898120336
0.2138081283291187 0.0004202901967654822 0.0023816705896355667 0.009408757886023212
0.21881236955746894 0.0004320946874801527 0.0023277945438220544 0.009463227489302598
0.22393373650254111 0.0004437648276773233 0.002220913454815043 0.009515847681525635
0.22917497052569083 0.00045500042586688115 0.0020573362090326995 0.009565352543849522
0.234538877150631 0.00046546024513796825 0.0018331692488625004 0.009610388619316651
0.24002832756517034 0.0004747731894650276 0.0015792194886324225 0.00964956998305108
0.24564626015810065 0.0004833770875540622 0.0014847999314918994 0.009684938086936164
0.2513956820920558 0.0004916510016458584 0.0013944274833073368 0.009718171017635053
0.25727967091318127 0.0004995997286718228 0.0013084931905015444 0.009749368090092908
0.263301376198484 0.0005072314792565883 0.0012274112854157354 0.00977863651789108
0.2694640212417331 0.000514558308630463 0.001151620393580178 0.009806093350033553
0.275770904778823 0.0005215965882418895 0.001081584800715572 0.009831866051372406
0.28222540275351804 0.000528367521477906 0.0010177957823538162 0.009856093113072988
0.2888309701245251 0.0005348977071689315 0.0009607729991049245 0.009878924938210127
0.2955911427148611 0.0005411506356069025 0.0008898822311400143 0.009900288144558098
0.3025095391045058 0.0005470875216390418 0.0008284993106364213 0.009920108139617974
0.3095898625673525 0.0005527699515148981 0.0007788547815742672 0.009938644861927519
0.3168359030534936 0.0005582710573244958 0.0007418473347849656 0.009956179641814736
0.3242515392179019 0.000563676451573611 0.0007184262445030431 0.009973015158399339
0.3318407404965947 0.0005690855340589614 0.0007095939516917749 0.009989476639518149
0.3396075692313897 0.0005746129136683544 0.0007164087741059416 0.010005913122499143
0.34755618284439344 0.0005803899543971997 0.0007399877491966354 0.010022699065764196
0.35569083606338 0.0005864548289123861 0.0007425039460842865 0.010039919199749541
0.3640158831992625 0.000592600658713261 0.0007342565037587901 0.010056971060109793
0.3725357804768628 0.0005988269433920754 0.0007276373577967037 0.010073851381080336
0.3812550884202366 0.0006051488192995363 0.0007227708742049439 0.010090599147685755
0.390178474293827 0.0006115835730160842 0.0007197884147228206 0.01010725633707552
0.3993107146007548 0.0006181508607009205 0.0007188286940139301 0.010123868047056507
0.4086566976395809 0.0006248729466145843 0.0007200381543799331 0.010140482670349824
0.41822142612091123 0.0006317749623624791 0.0007235713588402035 0.010157152102902587
0.4280100198452438 0.0006388738739511754 0.0007250499264698179 0.010173905342982755
0.43802771844349153 0.0006461284283018376 0.0007234302836632777 0.010190634754315371
0.4482798841816478 0.0006535401723934312 0.0007225971785243874 0.010207336038284949
0.4587720048310963 0.0006611210425604057 0.0007226080646225302 0.010224027994864741
0.46950969660610076 0.000668884281933126 0.0007235235893256489 0.010240730809801741
0.48049870717004795 0.0006768445654182788 0.0007254077561215268 0.010257466109214304
0.4917449187120536 0.0006850181353620937 0.0007283280948853961 0.010274257039101863
0.5032543510955719 0.0006934229487500602 0.000732355840476259 0.010291128353077704
0.5150331650807095 0.0007020765688032981 0.0007362923550741471 0.010308102113324932
0.5270876656219483 0.0007109620133561162 0.0007379803301050326 0.010325132303598775
0.5394243052430577 0.0007200788004184135 0.000740084933587688 0.010342206516625633
0.5520496874909966 0.0007294383252878007 0.0007426337766698172 0.010359334668458137
0.5649705704706549 0.0007390528834827655 0.0007456559625591691 0.01037652735170154
0.5781938704623268 0.0007489357469897389 0.0007491821615019795 0.010393795849674571
0.5917266656238517 0.0007591012467172367 0.0007532446894133122 0.010411152173517483
0.6055761997794052 0.0007695648616418361 0.0007578775903346073 0.010428609101347104
0.619749886296968 0.000780343193142257 0.0007629304391625386 0.010446180047596853
0.6342553120565475 0.0007914358615324771 0.00076654297120057 0.010463850092610397
0.649100241511277 0.0008028434415252772 0.0007703797690844669 0.010481606394748067
0.6642926208435667 0.0008145780945494527 0.0007744526984267749 0.010499454250426032
0.6798405822185294 0.000826652649714385 0.0007787742159099038 0.010517399254658662
0.6957524481369618 0.0008390806488004299 0.0007833573979601231 0.01053544729752222
0.7120367358901998 0.0008518763944995269 0.0007882159707954703 0.010553604578814992
0.7287021621192568 0.0008650550021441507 0.0007933643419130153 0.010571877623427784
0.7457576474806545 0.0008786324551800944 0.0007988176330840254 0.01059027330536307
0.7632123214214672 0.0008926193329307059 0.0008037450706519382 0.010608790481582812
0.7810755270661239 0.0009070209435813704 0.0008086886016391387 0.010627420840630961
0.7993568262175902 0.0009218511008217658 0.0008137523497820284 0.010646166974181187
0.8180660044756016 0.0009371242533237239 0.000818939342497017 0.010665031691216229
0.8372130764746928 0.0009528554033941992 0.0008242526881785143 0.010684017871782579
0.8568082912448229 0.000969060130583469 0.0008296955785735322 0.010703128468749925
0.8768621376974683 0.0009857546163823474 0.0008352712912345608 0.010722366509761324
0.8973853502401199 0.001002955670061619 0.0008409831920536324 0.01074173510053035
0.9183889145221872 0.0010206795128632944 0.0008466544277503517 0.010761236061733667
0.9398840733153894 0.0010389394821151803 0.0008523197542257624 0.010780867549785323
0.9618823325317791 0.0010577522271907217 0.0008580544798251177 0.010800630883633944
0.9843954673826101 0.001077135168138472 0.0008638572358293538 0.01082052764760629
1.0074355286813754 0.0010971062403235324 0.0008697264797392726 0.0108405593927073
1.0310148492943494 0.0011176839040611362 0.0008756604844953567 0.010860727632191487
1.0551460507421169 0.0011388871538200605 0.0008816573271273654 0.01088103383716565
1.0798420499556114 0.0011607355269158636 0.0008877148768053084 0.010901479431918003
1.1051160661902795 0.001183249116873542 0.000893832099118342 0.010922065793668355
1.1309816281020735 0.001206448719897898 0.000900015561246388 0.01094279437111827
1.1574525809890612 0.0012303558782539674 0.0009062648922504759 0.010963666699454443
1.1845430942025246 0.001254992759202854 0.0009125778992776015 0.010984684272312523
1.2122676687315208 0.0012803821572021491 0.0009189521612889332 0.01100584853004076
1.2406411449649597 0.001306547502422226 0.0009253850153431819 0.01102716085426163
1.2696787106353562 0.0013335128683581476 0.0009318735421622634 0.011048622562114859
1.299395908948507 0.0013613029784053958 0.0009384145509436643 0.011070234900097984
1.3298086469034476 0.0013899432955813927 0.0009450263519568038 0.01109199910042774
1.3609332038071393 0.001419461831690271 0.0009517582669275438 0.011113917710544005
1.3927862399884348 0.001449886648828059 0.0009585496609288205 0.01113599264438934
1.4253848057160214 0.0014812458865444576 0.0009653972810133585 0.011158225236216535
1.4587463503250655 0.0015135684358690879 0.0009722975781146244 0.01118061674119645
1.4928887315574817 0.0015468839443921018 0.0009792466896980274 0.011203168328874248
1.5278302251208116 0.0015812228196562762 0.0009862404215126815 0.011225881075716019
1.563589534470829 0.0016166162306481455 0.0009932742283993172 0.011248755957227345
1.6001858008231138 0.0016530961001054903 0.0010003348290263455 0.01127179383678487
1.6376386133989447 0.0016906923088832841 0.0010073245992814857 0.011294993729860023
1.675968019911004 0.0017294397526127524 0.0010144903624087188 0.011318357209282705
1.7151945372945012 0.0017693787215840473 0.0010218368245923728 0.011341888390311356
1.7553391626894626 0.0018105511168754445 0.0010293688299667116 0.011365591500863692
1.7964233846800635 0.001853000522250275 0.0010370913651612712 0.011389470882358572
1.8384691947970222 0.0018967722795408648 0.0010450095640149328 0.011413530993056127
1.8814990992892089 0.0019419135676998255 0.0010531287124656346 0.011437776411508525
1.9255361311707768 0.001988473485708888 0.0010614542536229237 0.011462211848701694
1.9706038625502416 0.002036485383978748 0.001069073672444544 0.01148683304310805
2.016726417248164 0.00208597311436037 0.001076884944131803 0.011511630652871007
2.0639284837101144 0.002136997293640326 0.0010850989790104379 0.01153661338706035
2.1122353282218906 0.0021896226676979902 0.0010937356197840682 0.011561790776818586
2.1616728084340324 0.0022439176426310814 0.0011028156668614524 0.011587172822938507
2.2122673872028886 0.002299954528176019 0.0011123609241328427 0.011612770018145074
2.264046146755631 0.002357809798334006 0.0011223942469240852 0.011638593370808905
2.3170368031868116 0.0024175643704407493 0.0011329395922318377 0.011664654443779964
2.371267721294209 0.0024792689842096 0.0011420060361277931 0.011690950520222891
2.426767929761917 0.002542888739526135 0.0011507077920644888 0.011717442664938712
2.483567136698798 0.002608518343016129 0.001160350268603894 0.011744146624928448
2.5416957455406126 0.002676273354940741 0.0011709903892487966 0.011771084782938382
2.6011848713243517 0.0027462784371554737 0.0011826880628890456 0.011798280875915175
2.6620663573434715 0.0028186680956160085 0.0011955063319624144 0.01182576006040119
2.724372792192928 0.0028935874816194487 0.0012095115277907524 0.011853548986638957
2.7881375272132045 0.0029711932562845656 0.001224773433434967 0.011881675889442526
2.8533946943425734 0.00305161497509528 0.001238503249792543 0.011910156747537778
2.9201792243872164 0.003134697344049021 0.001249795776568604 0.011938906918760917
2.9885268657189616 0.003220552900669272 0.001262761225330296 0.011967937110196643
3.058474203410643 0.0033093866474685407 0.0012775054611370964 0.011997287162327954
3.13005867881933 0.003401422268313945 0.0012941399861211215 0.012026999451341001
3.2033186096279103 0.003496903744123131 0.0013127822210423888 0.012057118996146693
3.2782932103557463 0.0035960970996286794 0.001333555800519625 0.012087693598308236
3.3550226133493957 0.0036992922913860788 0.0013565908825922707 0.012118773992102054
3.433547890264623 0.003806793608093752 0.001380617295263271 0.01215041067008261
3.513911074051201 0.003918558889730725 0.0014009908412134574 0.012182549851494978
3.5961551814522794 0.004034661537926949 0.0014224845969025037 0.012215172529043214
3.6803242360303505 0.004155340024336602 0.0014451552497030892 0.012248305178564822
3.766463291732159 0.004280848871804426 0.0014690622567131615 0.012281975659833688
3.8546184570051105 0.0044114598121971615 0.0014942679779175023 0.012316213238034276
3.9448369194782127 0.004547463028954279 0.0015208378157022518 0.012351048652257307
4.037166971220603 0.00468916849054844 0.00154884036102431 0.012386514187276635
4.131658034591296 0.004836907381490439 0.0015783473529170926 0.012422643756540236
4.228360688693948 0.004990998541662808 0.001608484252888812 0.012459464607097733
4.327326696450801 0.005151690824303372 0.0016388610316510944 0.012496984302750164
4.4286090323102965 0.005319232291427335 0.0016694612590606968 0.012535208169598628
4.532261910603199 0.005493877773543791 0.001700267076426545 0.012574141134945144
4.6383408145624045 0.005675888824379841 0.0017312591136322123 0.012613787695214254
4.746902526021957 0.005865533646982221 0.0017624164019771323 0.01265415188006561
4.858005155811191 0.006063086987933513 0.0017937162825254576 0.012695237214447814
4.971708174860245 0.006268829996128296 0.0018251343097412734 0.012737046619825023
5.088072446033622 0.006483368106752943 0.0018633755813315576 0.01277964553384165
5.20716025670881 0.006707606092389543 0.0019021588579893989 0.012823151531740741
5.329035352117438 0.006941727083773695 0.001939412748924648 0.012867535635169243
5.453762969466727 0.007185870738831339 0.0019749860403689566 0.012912760733060052
5.58140987285968 0.007440153280769431 0.0020087185133390736 0.01295878611543676
5.712044389032477 0.007704664077689556 0.002040440474005612 0.013005567265187621
5.845736443928362 0.007979461890621445 0.0020699722608107144 0.013053055634146946
5.982557600127557 0.008264570762001275 0.002097123727209814 0.013101198342745791
6.122581095153219 0.008560395526707397 0.002132000476764454 0.013150007068648805
6.265881880673967 0.008868815663779613 0.0021719609299762866 0.013199729104688562
6.412536662623953 0.009190133517122367 0.0022094222097960715 0.013250344975208526
6.562623942261955 0.009524392284856749 0.0022441631718879583 0.013301794394203143
6.7162240581914725 0.009871586003955733 0.002275949793105398 0.013354011789681847
6.873419229364309 0.010231653298025207 0.0023045345052636556 0.013406926035005366
7.034293599090672 0.010604470541258642 0.0023296554960429623 0.013460460128945235
7.198933280079338 0.01098984439010301 0.0023510359754348254 0.013514530833194593
7.367426400532011 0.011387705401536588 0.0023749101955058594 0.013569075731558715
7.539863151316464 0.011800086011843649 0.002407689947302764 0.013624316928932281
7.716335834243917 0.012227765282782868 0.0024388882909775404 0.01368029617450176
7.896938911476228 0.012670934531345154 0.00246835698599336 0.013736975275915567
8.081769056089541 0.013129750450166653 0.0024959390546588187 0.013794312445235728
8.270925203821369 0.013604330202546353 0.0025214683281700127 0.013852262168284522
8.464508606028849 0.014094746047555179 0.0025447689702134684 0.013910774987522165
8.66262288388648 0.014601019455835694 0.00256565497704523 0.013969797270975508
8.865374083852394 0.015123139824748947 0.002585533381337297 0.014029273688850123
9.07287073443282 0.01566247363028221 0.0026127499775428485 0.014089304500552019
9.285223904275137 0.016220147816223503 0.0026393693311923196 0.014149955824181173
9.502547261620615 0.016796587838451622 0.0026653190113297386 0.014211213082405255
9.724957135148667 0.017392209197347318 0.002690522123523956 0.014273059897876198
9.952572576245169 0.01800741484345015 0.002714897074301866 0.014335478065689458
10.1855154227282 0.018642592308631505 0.0027383573238595306 0.014398447442331817
10.423910364065293 0.01929811053890967 0.002760811126482833 0.014461945828796105
10.667885008117114 0.01997431640312129 0.0027821612580820262 0.014525948787740184
10.917569949443308 0.020672218441108614 0.002808265315595402 0.014590493134391787
11.173098839207043 0.021393157019253088 0.0028342693400156796 0.01465564170683559
11.434608456715713 0.02213770244126614 0.002859750531894517 0.014721383444497995
11.70223878263605 0.022906416142489193 0.0028846430698613815 0.014787705491263457
11.976133073922874 0.023699850843541214 0.002908877054310336 0.014854593425968106
12.256437940501618 0.024518547710203845 0.002932378291767941 0.014922031166272626
12.54330342374537 0.025363033206913122 0.0029550680685226757 0.014990000867203377
12.8368830767892 0.02623381561705589 0.0029768629129950687 0.01505848278562616
13.137334046723776 0.027131778314881148 0.0030013756281193635 0.015127485654422092
13.444817158712981 0.028058599913932333 0.003026913026432528 0.015197075780018379
13.759497002080279 0.02901509831180571 0.0030521138635316593 0.015267250189291315
14.081542018409971 0.03000203825024028 0.0030769260165158753 0.015338000489905473
14.411124591710466 0.0310201835572772 0.003101294047132984 0.015409317045326118
14.74842114068787 0.03207029464406188 0.003125159024947975 0.015481188900587044
15.093612213179249 0.03315312571118392 0.003148458341673122 0.015553603699770708
15.446882582796135 0.03426942163855749 0.0031711255162302577 0.01562654758826512
15.808421347830011 0.03542009494048165 0.0031950768600025516 0.01570001659283197
16.17842203247269 0.03660703336731705 0.003220665613801885 0.015774066203029114
16.557082690405792 0.03783140465901236 0.003246051629251163 0.01584870257308305
16.94460601081479 0.039094224070464006 0.0032711921963231587 0.015923920514273607
17.341199426884288 0.040396514353443595 0.0032960418073947027 0.01599971381064434
17.74707522683272 0.04173930351916954 0.0033205520066198753 0.016076075163047987
18.162450667545816 0.04312362231618372 0.003344671231745248 0.016152996119476237
18.5875480908697 0.04455050139738251 0.0033683446479993023 0.016230466999149644
19.02259504262586 0.04602101843736921 0.0033923231400065134 0.016308479441437797
19.46782439441171 0.04753714972444596 0.0034181421918253628 0.01638707046980549
19.92347446825191 0.0491005313775689 0.0034439584629620584 0.01646625561092779
20.389789164167198 0.05071253670140419 0.0034697431378584646 0.0165460344542929
20.867018090729005 0.05237456298033027 0.0034954653649437975 0.01662640588619004
21.355416698669746 0.05408803015627662 0.0035210921444991084 0.016707368056565503
21.855246417620275 0.05585437927884092 0.0035465882108434376 0.016788918328232524
22.36677479604776 0.05767507070530383 0.003571915908564109 0.016871053223264633
22.890275644468797 0.05955158300949148 0.0035970925567026476 0.016953768396439087
23.426029182014506 0.061485741476435325 0.0036232052537551905 0.01703707282714688
23.97432218642611 0.06347960132065814 0.003649733861365382 0.017120982673196512
24.535448147560707 0.06553513118619446 0.003676678866619688 0.01720550750978871
25.10970742449088 0.06765436478972639 0.0037040403300620563 0.017290656910552277
25.69740740628028 0.06983940276390907 0.003731817854970275 0.017376440443824717
26.298862676522724 0.07209241451737158 0.003760010554931033 0.017462867661723072
26.914395181732225 0.07441564010753503 0.0037886170196273204 0.017549948088447943
27.5443344036743 0.07681139212188623 0.0038176352787476085 0.01763769122364474
28.1890175357307 0.07928158617425195 0.0038454035423856566 0.017726089650312263
28.84878966339204 0.08182802749748462 0.003873809243051616 0.017815130466243584
29.524003948974883 0.08445359579800447 0.0039032450912950246 0.017904836272325534
30.215021820662198 0.08716132620832517 0.003933752498223068 0.017995231263998865
30.92221316596835 0.08995439950158399 0.003965374663491686 0.018086340609131498
31.645956529732224 0.09283615036807366 0.0039981566559682685 0.018178190489361555
32.386639316744386 0.09581007621194759 0.00403214549811984 0.018270808143944026
33.14465799911685 0.09887984650262845 0.004067390254300964 0.018364221947001286
33.92041832850635 0.10204818694369643 0.004099339894476604 0.01845842803340706
34.71433555330477 0.1053149999095013 0.00413052721482124 0.018553338275223347
35.52683464091301 0.10868456381800726 0.004164066766751733 0.018648992354012288
36.35835050521715 0.11216190942139967 0.004200090433651853 0.018745445963359857
37.2093282393889 0.11575240881255977 0.004238736824158558 0.018842757918452947
38.08022335413468 0.11946180113584008 0.004280151601881255 0.01894099030149722
38.97150202152103 0.12329622025150418 0.004324487830998674 0.019040208627532
39.883641324506875 0.12726222450042385 0.0043719063384914676 0.019140482037196895
40.8171295123161 0.13136601189196223 0.004418133661297578 0.019241863451272854
41.77246626178722 0.13560674366453226 0.004460060271854019 0.01934422932673606
42.750162944840014 0.13998883751228525 0.004504277758281929 0.01944758542305279
43.7507429022023 0.1445189373912307 0.004550901758384762 0.01955198575127513
44.77474172354335 0.14920409711488347 0.004600053553631096 0.019657487087670043
45.82270753416391 0.15405180892118728 0.004651860340343929 0.01976414906131481
46.89520128839631 0.15907003410458945 0.004706455513824691 0.01987203429282151
47.992797069871834 0.16426723586352968 0.004763978966026673 0.019981208539149267
49.11608239881501 0.1696524422494656 0.004824851216389628 0.02009174141380817
50.265658546532144 0.1752353445497461 0.004887658112619871 0.020203707789962076
51.442140857258565 0.1810219827961377 0.004949040965065178 0.020317102428192357
52.64615907753983 0.18701701910930218 0.005008829385676402 0.020431890411526835
53.87835769332197 0.1932249633447497 0.005066842507581984 0.020548032756412905
55.13939627493143 0.19965013872623505 0.005122888432432326 0.020665486191643243
56.42994983012933 0.20629664389184418 0.0051767636502513354 0.020784202898814056
57.75070916542917 0.21316831104184178 0.005228252430462221 0.020904130239166287
59.102381255871144 0.22026865985248317 0.005277126182690797 0.02102521122455197
60.48568962345122 0.22755252926388067 0.0052540247941688595 0.021146578163028548
61.901374724407454 0.23498977071988364 0.005258659286380464 0.021267662159882742
63.350194345570806 0.24263364079231667 0.005299241942512933 0.021389258405655427
64.8329240099927 0.2505449116189776 0.005378311449796603 0.021512224330151795
66.3503573920664 0.2587923361781565 0.005498546296038482 0.021637477273923234
67.90330674236448 0.2674534266581266 0.005662771848450833 0.021765997761038058
69.4926033224196 0.2766152992551437 0.005873967778443589 0.021898832932020613
71.1190978496816 0.28637559068932794 0.006135275849015854 0.02203710132567361
72.78366095288885 0.2967478241810043 0.006287236069025479 0.022180674256424143
74.48718363809776 0.30756556300031357 0.006421154609003475 0.02232698375169809
76.2305777656198 0.3189154573424976 0.0066076359936627655 0.02247697004216026
78.01477653812138 0.3309134440960682 0.0068502513229473 0.0226318837867111
79.84073500014787 0.34368956233286396 0.0071527661383744695 0.02279305990872351
81.70943054933909 0.35738928902246814 0.007519150224097318 0.02296192187040701
83.62186345960995 0.3721749871493342 0.007953587885999768 0.02313998637882221
85.57905741657639 0.3882274751148175 0.008460488731788377 0.023328868287387828
87.58206006551292 0.40574943481105386 0.00904547848206702 0.023530305809090386
89.63194357213541 0.42492169134383767 0.009659372271653834 0.02374565300216518
91.7298051965092 0.4458401014401186 0.010282336972431598 0.02397521513236091
93.87676788038989 0.46859533640809914 0.010914334012973254 0.024219194673232403
96.07398084830928 0.4932817115763918 0.011555312037863735 0.02447779239701744
98.32262022273369 0.5199972835185166 0.012205206045812647 0.024751207167404643
100.6238896536163 0.5488439457960214 0.012863936480945682 0.025039635606064994
102.97902096268643 0.5799275226970572 0.013531408274918715 0.025343271517907665
105.3892748028181 0.6133839536889593 0.01430177743603892 0.02566254933575039
107.85594133283125 0.6500119355896704 0.015390838826385714 0.026004025690927846
110.38034090808713 0.6902338695489926 0.01646967501799397 0.026370353830904716
112.96382478724692 0.7341690314769194 0.01753635528249123 0.026761261436364498
115.60777585557254 0.7819343660153454 0.018588823600051946 0.027176426368706565
118.31360936515638 0.833643701491142 0.019624891933403867 0.027615476949727494
121.08277369247632 0.8894068768363836 0.020642233164756014 0.02807798902844674
123.91675111368166 0.9493287725962426 0.021638373679250797 0.02856348289692698
126.81705859802462 1.013508237503931 0.022610685577755765 0.02907141304527147
129.78524861986259 1.083061833400214 0.02426588307776184 0.029609091804553855
132.8229099896654 1.1593014960713317 0.02592007478653986 0.03018476403308317
135.9316687044725 1.2424292424888392 0.027548808751183842 0.030797856074773942
139.1131888182554 1.3326390032183502 0.029148449921159784 0.0314476955661057
142.36917333265131 1.4301157765986654 0.030715134234690775 0.032133522922408585
145.70136510854445 1.5350337021524725 0.03224475644230303 0.03285448646508019
149.1115477989833 1.647553929975598 0.03373295732256571 0.03360963729326622
152.60154680393308 1.7678222682264835 0.035175110260510935 0.03439791932785673
156.17323024737425 1.8967695341373376 0.037218400675209026 0.03522329606896516
159.8285099772708 2.037093654409556 0.039552727061838266 0.03610043879765661
163.56934258894248 2.1894473619821038 0.041893603147090924 0.03703043174956239
167.39773047238972 2.35433794051529 0.044238904958487146 0.038013298689131905
171.31572288413147 2.5322816937571098 0.04658635096351697 0.039049006739388874
175.3254170441296 2.723803048172389 0.048933493274402454 0.04013746409068575
179.42895925838715 2.92943351211405 0.05127770840512166 0.04127851650927679
183.62854606782219 3.149710477351563 0.053616187558760554 0.0424719414150121
187.92642542402749 3.3856609571902005 0.05654658069617732 0.04371998987835271
192.32489789255678 3.642966734158995 0.060418049846441814 0.045048678989632496
196.82631788436683 3.9234657895156766 0.06417414166615287 0.046462685007283594
201.4330949160854 4.227542823119769 0.06780240035229515 0.0479590057538859
206.14769489977547 4.555514237451926 0.07128961657190548 0.049534341132328685
210.97264146288668 4.907617860697889 0.0746217879459931 0.051185087416145546
215.91051729910086 5.284001657683171 0.07778407757239705 0.0529073230851699
220.96396555079411 5.68471134250775 0.08076077049260987 0.05469679387059328
226.13569122385616 6.109676799892972 0.08353522800304962 0.05654878827085433
231.4284626356238 6.588794485198156 0.09625779873532217 0.058586189284391306
236.8451128967036 7.126420058578863 0.10079748773419514 0.06081693336553551
242.38854142747726 7.685978083758033 0.10205393515977353 0.06308215911238307
248.06171551010107 8.275156642645301 0.10583490650533793 0.06540900401275117
253.86767187683046 8.903591194650014 0.11083495824009662 0.06783013132989284
259.8095183355196 9.579637906370644 0.11671690130902897 0.07037078806807602
265.89043543316654 10.307294997907524 0.12257473426776869 0.07303811178881289
272.11367815839384 11.088456207233806 0.12868275356127729 0.07583085332503156
278.4825776837764 11.930862383683115 0.1358196664948157 0.07876790380344827
285.00054314894913 12.839344331412649 0.14290608945487132 0.08185650675871013
291.6710634854482 13.821354012805207 0.15150667040518215 0.08511163334698393
298.497709284264 14.885135343956888 0.16011821221885678 0.08854924262115055
305.4841347071041 16.040120709337273 0.17048457424959823 0.09218732240265949
312.6340794423904 17.296735694650568 0.181327995273036 0.09604496311655193
319.95137070703623 18.669239871897048 0.1937843808067151 0.1001506050650268
327.4399252950765 20.17102751877978 0.20779380989042867 0.1045272189519427
335.1037516742459 21.821345898750945 0.2232588551965592 0.10921170863335987
342.94695213162873 23.642085445146307 0.24100279900768753 0.11424435245717417
350.97372496952755 25.658804666903187 0.26169441722593323 0.11967085411407385
359.18836675272905 27.903440685524323 0.28541937192814165 0.12554844150776773
367.59527460835994 30.415349219441843 0.31296228634788 0.1319467335846329
376.1989485795864 33.24305844989111 0.34514353397669073 0.13895000751942235
385.0039940343882 36.44468767621137 0.38267999554817184 0.1466556270348977
394.01512413071765 40.09273668873705 0.4278192010290009 0.15518250265724667
403.2371623393555 44.27061919967778 0.4789944833402221 0.1646591429826531
412.6750450258144 49.06574881080061 0.5377636095818807 0.1752053898637817
422.33382409267284 54.554189204403286 0.5991597442578352 0.18689885938608564
432.2186696837539 60.76307901028827 0.6557793940793418 0.1997016536063213
442.33487295159557 67.61954872241472 0.6958171760487526 0.21337437890142344
452.68784888969503 74.93734042394175 0.7130078665887701 0.22748069767650583
463.28313923104207 82.4583181907209 0.7030820999503778 0.24149610133674884
474.1264154144937 89.95166417198226 0.676854764207386 0.2550018567287858
485.2234816205777 97.27505227566037 0.6427027151218565 0.26777834341413315
496.5802778783496 104.37612520917652 0.6083106042327839 0.2797809372563861
508.2028832449671 111.2578834848648 0.576926960065134 0.29106044981084533
520.0975190596831 117.95709895411711 0.5504349725516597 0.3017166978500891
532.2705522739993 124.51932400610498 0.5288498265922662 0.3118539646195672
544.7284988597631 130.99783443521747 0.5120291283102445 0.32157882629260054
557.4780272970322 137.4458930198518 0.5002077004560643 0.33098854188705995
570.525962143573 143.9198260557665 0.4931313102603424 0.3401763261383846
583.8792876879052 150.47931131810722 0.49014177914268675 0.34923198823575957
597.5451516878459 157.20219036886036 0.49565889102242777 0.35826185781608044
611.5308691965561 164.18509576007597 0.5029536881562907 0.36738744370017035
625.843926478137 171.43496447557487 0.5101026785177972 0.37660574102951827
640.4919850148711 178.9588206268805 0.5171773206915079 0.38591363368638604
655.4828856082551 186.76165527404024 0.523858059150512 0.3953054523123901
670.8246525760177 194.85077866075142 0.5306206500858258 0.4047783515079145
686.5254980473704 203.2338517640712 0.5371524886991352 0.41432976983573944
702.5938263587897 211.91640565670863 0.5434728094505349 0.4239546583851526
719.0382385526866 220.90585796861626 0.5497464329791738 0.4336500865882416
735.8675369813546 230.20967414793105 0.5558801248707235 0.4434130918466061
753.0907300187034 239.83527075203642 0.5618461695852559 0.45324058796549876
770.7170368822425 249.79090603086615 0.5677440364369303 0.4631302669618442
788.75589256794 260.0834589894356 0.5733834774797417 0.473078376577123
807.2169529005799 270.72097817387686 0.578904411882977 0.48308227748123117
826.1100997023249 281.7110990559604 0.5845180986708514 0.493138881209071
845.4454460822495 293.06426803162424 0.5897960112127212 0.5032475673277691
865.2333418496789 304.78656889894563 0.5949632145987379 0.5134037135457606
885.4843790542254 316.8877927971582 0.6001439530731406 0.5236059282957157
906.2093976554934 329.3774401990759 0.6051074822914604 0.5338524279121328
927.4194913254844 342.2645796871006 0.610055580089815 0.5441409668322298
949.1260133868094 355.5586600392578 0.6147578786080287 0.5544695213083436
971.3405828898863 369.2684250334646 0.6195181900640045 0.5648354495916618
994.0750908323765 383.4052600688278 0.623838207471971 0.575238019543714
1017.3417065241894 397.977235383507 0.6287715137199688 0.58567394190911
1041.1528841014601 413.0031709751678 0.6327538778004208 0.5961474315988292
1065.5213691929912 428.4795743525424 0.6374831014801012 0.6066470108056492
1090.460205742722 444.42820772257426 0.6419230550412542 0.6171785633590736
1115.9827429918817 460.85928357141796 0.6455775264422122 0.6277398431535012
1142.10264262456 477.7784514392001 0.650127365475083 0.6383257128794122
1168.8338860805238 495.2029491309138 0.6537714211532406 0.6489382790944556
1196.1907820391907 513.1494989684867 0.657679338272095 0.6595789418545658
1224.1879740787685 531.6185321232202 0.6616708603945589 0.6702393828266544
1252.8404485146584 550.6341324453463 0.6655647563879644 0.6809250193775837
1282.163542421318 570.1996700721623 0.6691218118680037 0.6916293015971144
1312.172951841879 590.3371678768882 0.6727592207444639 0.7023559210554469
1342.884740189913 611.054660841067 0.6764656994048603 0.713100819550855
1374.315346847843 632.3650410670293 0.679883075765368 0.7238625142774116
1406.4815959666098 654.2953880380978 0.683428706621744 0.7346463976110469
1439.4007054712667 676.8438918013167 0.6866294060610219 0.7454434147493537
1473.0902962774117 700.0352979664033 0.6899794392520728 0.7562574101331206
1507.5684017232754 723.8881539932644 0.6933707484219612 0.7670889053819374
1542.8534772225976 748.4061248702168 0.6962726792588517 0.7779316183984326
1578.9644101434267 773.614609977209 0.6996857528802594 0.7887889286103674
1615.9205299181367 799.5343685507033 0.7027868280006973 0.7996618015505632
1653.7416183900693 826.171003965168 0.7059194987647399 0.8105447552660388
1692.447920402345 853.5505984818816 0.7087709282124537 0.8214407000375683
1732.0601546345065 881.6843149840876 0.7116608711406197 0.8323463532081076
1772.5995246927973 910.6003484935231 0.7144597634914116 0.8432649275368799
1814.087730460013 940.3085235539318 0.7172582345995421 0.8541924484123861
1856.5469797109968 970.8364458676443 0.720399590562516 0.865131436402926
1900.0 1002.1972925524028 0.7228580157543499 0.8760789708362744
