1e-07 7.512493897921706e-13 1.253839313135912e-05 7.512437460781124e-06
1.023405289908563e-07 7.808179416799157e-13 1.2728819640473475e-05 7.804705867888801e-06
1.0473583874128298e-07 8.115448813484934e-13 1.2927791268107888e-05 8.101477061496798e-06
1.071872114108392e-07 8.434952192705456e-13 1.3141489948153563e-05 8.40300651905186e-06
1.0969595916840032e-07 8.767317197619023e-13 1.335261912147983e-05 8.709500572384664e-06
1.1226342489453461e-07 9.11275725769622e-13 1.355392081094466e-05 9.020767180689783e-06
1.1489098290031937e-07 9.471431988040105e-13 1.3744465564308672e-05 9.336568335823231e-06
1.175800396629811e-07 9.843493844181898e-13 1.3929698116357527e-05 9.65666460643883e-06
1.2033203457875375e-07 1.0229592744259315e-12 1.413018292926008e-05 9.981240256485977e-06
1.231484407333567e-07 1.063046839007158e-12 1.4337323973630851e-05 1.0310530601991517e-05
1.260307656905084e-07 1.1046796411282717e-12 1.4551370044143792e-05 1.06446925778113e-05
1.289805522988929e-07 1.1479288032707635e-12 1.4772580163087048e-05 1.0983888829164644e-05
1.3199937951801506e-07 1.1928803192160786e-12 1.5007096791979927e-05 1.1328373372570848e-05
1.3508886326338464e-07 1.2396024525222182e-12 1.5237001390597656e-05 1.1678238438377025e-05
1.3825065727148236e-07 1.2881358295759292e-12 1.5460992620928115e-05 1.20333552391456e-05
1.4148645398497078e-07 1.3385194238382078e-12 1.567839719657133e-05 1.2393579151824966e-05
1.4479798545862358e-07 1.3908059095828822e-12 1.590463031238079e-05 1.275885836982673e-05
1.4818702428645853e-07 1.4451076705017205e-12 1.6139920764696292e-05 1.3129540316932437e-05
1.5165538455057036e-07 1.5014956107878372e-12 1.6374680147510228e-05 1.350566010776751e-05
1.5520492279217105e-07 1.5600352280427705e-12 1.6608610075798766e-05 1.3887202075679086e-05
1.5883753900535794e-07 1.6207941517195612e-12 1.684445776326368e-05 1.4274152000294339e-05
1.6255517765414102e-07 1.683874937984546e-12 1.7091101745581242e-05 1.4666701001439508e-05
1.6635982871327448e-07 1.7493770292159977e-12 1.7341137395967967e-05 1.506499536052349e-05
1.7025352873344754e-07 1.8173923547906298e-12 1.7594531332065342e-05 1.5469113234524554e-05
1.7423836193140975e-07 1.88801598341588e-12 1.7851244049806825e-05 1.5879131667031483e-05
1.783164613056075e-07 1.961384684947799e-12 1.813031281065334e-05 1.6295345141811265e-05
1.824900097779343e-07 2.037625327663195e-12 1.8402055801444334e-05 1.6717959584798573e-05
1.8676124136220332e-07 2.1167878373266942e-12 1.866278204063197e-05 1.714673540281865e-05
1.911324423599688e-07 2.1989167181092666e-12 1.891141073243306e-05 1.7581405267769555e-05
1.9560595258433557e-07 2.28406535159919e-12 1.9159747836288227e-05 1.8021750878581686e-05
2.0018416661241256e-07 2.372386579211227e-12 1.942447542427094e-05 1.846805710898991e-05
2.0486953506708013e-07 2.4640436600258383e-12 1.9701338256091736e-05 1.892062709909789e-05
2.0966456592875765e-07 2.5592039032712764e-12 1.9990901632432733e-05 1.937974810537093e-05
2.1457182587787323e-07 2.6580472392444645e-12 2.0298199426859935e-05 1.984573182130781e-05
2.1959394166875453e-07 2.760801147815649e-12 2.0618455825627614e-05 2.0319072497881884e-05
2.247336015356758e-07 2.8675633668836766e-12 2.0921917593052466e-05 2.079963069912832e-05
2.2999355663181375e-07 2.978372863275921e-12 2.120704129528775e-05 2.1287000419154604e-05
2.3537662250188283e-07 3.0932575188797596e-12 2.1472192895219228e-05 2.1780738387635416e-05
2.408856805892383e-07 3.2123056827193953e-12 2.175078741846275e-05 2.2280668563739367e-05
2.465236797782509e-07 3.3357662394726907e-12 2.20462762772278e-05 2.2787270225206446e-05
2.522936379727866e-07 3.4638624608042825e-12 2.2356059299287368e-05 2.3300872058026025e-05
2.581986437116257e-07 3.5968301309253546e-12 2.2680820461479202e-05 2.3821812572732148e-05
2.6424185782169406e-07 3.7349311721538545e-12 2.3027319058861205e-05 2.435049011418542e-05
2.7042651510998805e-07 3.878428372894982e-12 2.3373263031580018e-05 2.488726191088249e-05
2.767559260950997e-07 4.027427793132496e-12 2.370449920695981e-05 2.5431869564434528e-05
2.8323347877926835e-07 4.1820085294498704e-12 2.4019603350149964e-05 2.5983956539760047e-05
2.8986264046190795e-07 4.342241592787372e-12 2.4323177736520455e-05 2.6543143154473664e-05
2.9664695959558045e-07 4.508379703237035e-12 2.465359762956237e-05 2.7109676970379013e-05
3.0359006768540875e-07 4.680720540941291e-12 2.4989785418093265e-05 2.76839214116277e-05
3.1069568123294597e-07 4.85950458328895e-12 2.533178301004375e-05 2.826601063458879e-05
3.1796760372554155e-07 5.044981421860298e-12 2.567962888555616e-05 2.885607939822373e-05
3.254097276722696e-07 5.2374441288528965e-12 2.604368682506725e-05 2.9454369189379388e-05
3.3302603668750555e-07 5.437198347565504e-12 2.6408882933130083e-05 3.0061123994038912e-05
3.408206076232763e-07 5.644465277569023e-12 2.6771649863349502e-05 3.0676300514716196e-05
3.487976127515117e-07 5.859465504451719e-12 2.7131410921367803e-05 3.1299835855988075e-05
3.569613219973755e-07 6.0824570270869006e-12 2.750637641909388e-05 3.1931756453279014e-05
3.65316105224868e-07 6.313902167916359e-12 2.7894696400853204e-05 3.25726328809046e-05
3.738664345759231e-07 6.554040415353108e-12 2.827252888978946e-05 3.322237374792417e-05
3.8261688686425334e-07 6.803055041745781e-12 2.8638701324191693e-05 3.388072312196076e-05
3.91572146025223e-07 7.061121318443388e-12 2.8994376625297854e-05 3.4547399880139424e-05
4.0073700562306146e-07 7.328565801032139e-12 2.9369563195700948e-05 3.52225024311579e-05
4.1011637141675867e-07 7.60585643051655e-12 2.9759190291050638e-05 3.590645061757721e-05
4.197152639860158e-07 7.89344911430041e-12 3.0163863905397962e-05 3.659958556770156e-05
4.295388214186575e-07 8.19182510395607e-12 3.0584216908752384e-05 3.7302262455296194e-05
4.395923020609436e-07 8.50158107473373e-12 3.103957344999991e-05 3.8015055302894196e-05
4.4988108733225257e-07 8.82323880156022e-12 3.148031598303785e-05 3.8738308148972e-05
4.6041068460564346e-07 9.156925418794595e-12 3.1894098436521124e-05 3.947145003482002e-05
4.7118673015583947e-07 9.502724437211702e-12 3.227852448084242e-05 4.0213829719609285e-05
4.822149921762047e-07 9.860721292583206e-12 3.264926318134059e-05 4.0964819516890726e-05
4.935013738663442e-07 1.0231471316798462e-11 3.305179059402534e-05 4.1724774402393945e-05
5.050519165919601e-07 1.0615688232439785e-11 3.34786678242591e-05 4.2494320773646343e-05
5.168728031186703e-07 1.1014094684481899e-11 3.393117177848178e-05 4.3274036684278634e-05
5.289703609215143e-07 1.1427463547922173e-11 3.441282335039796e-05 4.406453223359607e-05
5.413510655719195e-07 1.1856694962923314e-11 3.491945490243971e-05 4.486658920297013e-05
5.540215442039397e-07 1.230221351338585e-11 3.5397616789083735e-05 4.5680041932824864e-05
5.669885790616227e-07 1.2764160697832353e-11 3.584473282306465e-05 4.650420270920299e-05
5.802591111294041e-07 1.3242631503984348e-11 3.625807607345714e-05 4.7338321678522395e-05
5.938402438474729e-07 1.3737887670968941e-11 3.668380593697268e-05 4.8181956750681195e-05
6.077392469140946e-07 1.4250903036970353e-11 3.7137877349517486e-05 4.903585640962977e-05
6.219635601769308e-07 1.4782513966460815e-11 3.761020620277487e-05 4.9900470429427977e-05
6.365207976154351e-07 1.533358139299826e-11 3.810158115093058e-05 5.0776230250989854e-05
6.514187514164541e-07 1.5905033257620476e-11 3.861850381840091e-05 5.166361469060156e-05
6.666653961452302e-07 1.6497856720521936e-11 3.91415843060237e-05 5.256313244037998e-05
6.822688930140163e-07 1.711260304467343e-11 3.9649816872206134e-05 5.3474582538150025e-05
6.982375942506037e-07 1.774972365635014e-11 4.014157102177144e-05 5.439760291295652e-05
7.145800475690966e-07 1.8409646316695006e-11 4.061705590806583e-05 5.533179248837719e-05
7.31305000745326e-07 1.9093354259829828e-11 4.113926976157214e-05 5.627751676744063e-05
7.484214062993522e-07 1.9801965126673705e-11 4.165692920324132e-05 5.7235270538651265e-05
7.659384262875629e-07 2.053618247790861e-11 4.216913310509785e-05 5.820493869496365e-05
7.838654372069317e-07 2.1296710437249553e-11 4.2674921620314514e-05 5.918638390491558e-05
8.022120350140625e-07 2.2084352014807084e-11 4.319081544953422e-05 6.017957233372177e-05
8.209880402617049e-07 2.2900310329854675e-11 4.372427764030466e-05 6.118493553407035e-05
8.40203503355493e-07 2.3745742160529565e-11 4.42707596350037e-05 6.220278994012618e-05
8.598687099337185e-07 2.4621839471219718e-11 4.483059145371862e-05 6.323344049965277e-05
8.799941863730193e-07 2.552991194679125e-11 4.542237035179701e-05 6.427727438255682e-05
9.005907054229298e-07 2.64718250957898e-11 4.60330524345843e-05 6.53352455457593e-05
9.216692919723106e-07 2.744829293670965e-11 4.6608881882836096e-05 6.640694674494678e-05
9.432412289507444e-07 2.845963145758877e-11 4.714671549348265e-05 6.749153599974044e-05
9.653180633680459e-07 2.95060627112227e-11 4.764322627078855e-05 6.858809552083847e-05
9.879116124951474e-07 3.058835171848004e-11 4.816627664574228e-05 6.96962921342176e-05
1.0110339701896322e-06 3.1708501951460364e-11 4.872685208418937e-05 7.081702330442012e-05
1.034697513369326e-06 3.286859642355481e-11 4.9326639782035653e-05 7.19511723924504e-05
1.0589149086374042e-06 3.4070866901041897e-11 4.996779318051443e-05 7.309967112883842e-05
1.083699119062562e-06 3.5317851782705606e-11 5.066461540230949e-05 7.42636396398401e-05
1.1090634111178757e-06 3.6611579528009e-11 5.133611816962865e-05 7.54436217547261e-05
1.1350213617820691e-06 3.795234173410141e-11 5.195498109055006e-05 7.663853784804165e-05
1.1615868658069904e-06 3.9340173956524925e-11 5.251673485759911e-05 7.784711889971375e-05
1.188774143155182e-06 4.0775006977829324e-11 5.3037681093346904e-05 7.906805458519472e-05
1.2165977466115351e-06 4.2258629421156936e-11 5.361148248437771e-05 8.030163253894545e-05
1.2450725695730824e-06 4.3793882450234747e-11 5.422531690591145e-05 8.154894348117624e-05
1.27421385402114e-06 4.538356866674902e-11 5.488138121983064e-05 8.281093893990899e-05
1.304037198680012e-06 4.703068879846036e-11 5.558198337195938e-05 8.408862231990359e-05
1.334558567366668e-06 4.873850175722019e-11 5.631998327371125e-05 8.538308707894863e-05
1.3657942975358412e-06 5.050879187178852e-11 5.70208667660729e-05 8.669422078355141e-05
1.3977611090251296e-06 5.2342249519253934e-11 5.7679280929803645e-05 8.802108445545226e-05
1.4304761130047772e-06 5.4239410926642716e-11 5.829144359398983e-05 8.936265185850594e-05
1.4639568211369282e-06 5.6201202041673255e-11 5.8913289496663034e-05 9.071819430377563e-05
1.4982211549492563e-06 5.823117727962785e-11 5.957542875506269e-05 9.20887695105627e-05
1.5332874554279858e-06 6.033211264529863e-11 6.025062145128995e-05 9.347481293517278e-05
1.5691744928354404e-06 6.250668965773541e-11 6.093905735509506e-05 9.487662886453589e-05
1.6059014767573762e-06 6.475771027162543e-11 6.164422395919037e-05 9.62945356493334e-05
1.643488066385472e-06 6.708830392162054e-11 6.236512597246167e-05 9.772899032729609e-05
1.6819543810404875e-06 6.950118922408408e-11 6.308657888880458e-05 9.918012976915753e-05
1.7213210109417176e-06 7.199894842416547e-11 6.380782261783497e-05 0.00010064795811991017
1.761609028228509e-06 7.458420801086019e-11 6.452804267173679e-05 0.0001021324604901401
1.8028399982397393e-06 7.726098819429682e-11 6.531477364646974e-05 0.00010363436148653984
1.8450359910572934e-06 8.003326170307875e-11 6.607612695016786e-05 0.00010515426827714433
1.888219593319726e-06 8.290249288630188e-11 6.679971973673968e-05 0.00010669135764551054
1.932413920312403e-06 8.586995566590365e-11 6.74820360211259e-05 0.0001082447155789153
1.9776426283406576e-06 8.893702400961385e-11 6.81477337291656e-05 0.00010981349542225906
2.023929927392503e-06 9.210780091361349e-11 6.886147723946986e-05 0.00011139822804206991
2.071300594097741e-06 9.538773043683632e-11 6.962313205317828e-05 0.00011300002121081713
2.1197799849903774e-06 9.878257054351693e-11 7.04352974107417e-05 0.00011462001312429566
2.169394050081446e-06 1.0229854699683184e-10 7.13134998032976e-05 0.00011625943597087279
2.220169346749514e-06 1.0594293748688786e-10 7.222073963065153e-05 0.00011791987130938991
2.2721330539562915e-06 1.0971783732900276e-10 7.305287743287372e-05 0.00011960043657365215
2.325312986794967e-06 1.1362319826937176e-10 7.380359309649229e-05 0.00012129932263965144
2.3797376113790494e-06 1.1765844708091235e-10 7.446620251941242e-05 0.00012301456839931493
2.435436060079692e-06 1.218245359439558e-10 7.51423024956347e-05 0.00012474492926531038
2.4924381471196257e-06 1.2612899424034424e-10 7.589493731254721e-05 0.000126491869586584
2.550774384532122e-06 1.3058026381946445e-10 7.672200057885932e-05 0.0001282570732376423
2.6104759984934325e-06 1.351874341900859e-10 7.762792487722962e-05 0.00013004231284461935
2.6715749460375167e-06 1.3996046215702085e-10 7.861921967171834e-05 0.00013184951931477675
2.734103932161978e-06 1.449068713439231e-10 7.957569929848947e-05 0.0001336795408711004
2.798096427334371e-06 1.50027662620675e-10 8.045019975579738e-05 0.0001355307532426204
2.863586685408246e-06 1.5532269695471244e-10 8.123585969894276e-05 0.0001374011813966207
2.930609761958527e-06 1.6079122181272596e-10 8.194308373035686e-05 0.00013928871657748035
2.999201533046031e-06 1.6643859536882073e-10 8.272815963933334e-05 0.00014119340161189008
3.06939871442118e-06 1.722749911029291e-10 8.35628674589179e-05 0.0001431168162986358
3.1412388811771777e-06 1.7830982363638787e-10 8.444984911859956e-05 0.0001450601395707582
3.2147604878631796e-06 1.8455312948077626e-10 8.539187848667767e-05 0.00014702461262593256
3.2900028890682103e-06 1.910152934603899e-10 8.637161298292229e-05 0.000149011445513148
3.3670063604868617e-06 1.977032077113559e-10 8.732340715900403e-05 0.0001510206603458091
3.445812120478032e-06 2.0462130261022807e-10 8.824028082935688e-05 0.00015305149553106087
3.5264623521282605e-06 2.1177373165153098e-10 8.911870788690313e-05 0.00015510310248693509
3.609000225831455e-06 2.1916548345467124e-10 9.001485457240573e-05 0.00015717486493843166
3.693469922397117e-06 2.2680907177364293e-10 9.095708665039605e-05 0.00015926821427253072
3.779916656699379e-06 2.3471228936193756e-10 9.18822700417195e-05 0.0001613831665469156
3.868386701879634e-06 2.4288149516120854e-10 9.278815391391696e-05 0.00016351930191984686
3.9589274141155565e-06 2.5132296207677255e-10 9.367367052269361e-05 0.00016567614765820044
4.0515872579698884e-06 2.600446784166108e-10 9.458215792203585e-05 0.00016785363222508224
4.1464158323325134e-06 2.690587067143391e-10 9.553356320095898e-05 0.00017005262500147954
4.243463896969711e-06 2.7837821566258473e-10 9.652991638559104e-05 0.0001722741420119145
4.342783399694807e-06 2.8801713641349436e-10 9.757334358241737e-05 0.0001745192469446384
4.444427504174759e-06 2.979925341969556e-10 9.871190113789607e-05 0.00017678958301732176
4.54845061838756e-06 3.0831804281917223e-10 9.979204486017659e-05 0.00017908585719703893
4.654908423745703e-06 3.1899519048353413e-10 0.00010077691838106198 0.00018140603054986229
4.763857904901293e-06 3.3002397148556175e-10 0.00010165858275972548 0.00018374780800564004
4.875357380248707e-06 3.4140376000137573e-10 0.00010246610778200295 0.00018610885563437736
4.98946653314128e-06 3.5314639088782935e-10 0.0001033610249307469 0.00018848946198956256
5.106246443838524e-06 3.65274318379686e-10 0.00010435844056085235 0.00019089194333054118
5.225759622201133e-06 3.7781176804050765e-10 0.00010546461588269134 0.00019331874261906042
5.348070041151213e-06 3.907849890647504e-10 0.00010669030510347525 0.0001957724553290721
5.473243170915657e-06 4.0422097292941263e-10 0.00010796371575200287 0.00019825557286464647
5.601346014071e-06 4.181268381769763e-10 0.00010911545536834205 0.00020076675743476224
5.7324471414085055e-06 4.325006153612604e-10 0.00011013550256762384 0.00020330308076725188
5.8666167286386844e-06 4.473382138895407e-10 0.00011101326167958215 0.0002058613738916069
6.003926593954898e-06 4.626391088006318e-10 0.00011187848183413471 0.00020843921211586628
6.144450236476143e-06 4.784286269131398e-10 0.00011285807823179746 0.0002110385280153585
6.288262875589606e-06 4.94735794382196e-10 0.00011393857685068161 0.00021366165925485668
6.435441491214034e-06 5.115914871724678e-10 0.00011512603208232707 0.00021631100954700493
6.586064865005493e-06 5.290289298254447e-10 0.00011641849592564745 0.00021898911131840672
6.740213622527547e-06 5.470732909531744e-10 0.00011767936421689523 0.00022169704454088072
6.8979702764084495e-06 5.657323025565576e-10 0.00011885577430356443 0.00022443318068869478
7.0594192705084395e-06 5.850106242961542e-10 0.00011994035201972158 0.00022719548161111402
7.2246470251208e-06 6.049112200086151e-10 0.00012092942690453334 0.00022998173249185114
7.393741983230789e-06 6.254525864156315e-10 0.00012202699520979454 0.00023279191968259813
7.566794657857419e-06 6.466668048312735e-10 0.00012314926804659284 0.000235627778750181
7.743897680503136e-06 6.685785414841728e-10 0.00012429677701334053 0.00023848988842214245
7.92514585073756e-06 6.912134494366802e-10 0.00012547006394289682 0.00024137883875467261
8.110636186941718e-06 7.145976069999723e-10 0.00012665930940634697 0.0002442951574999472
8.300467978239971e-06 7.387558156720005e-10 0.00012786088095002607 0.00024723910413249425
8.49474283764742e-06 7.637143792426898e-10 0.00012907769211788084 0.00025021102143598457
8.693564756461246e-06 7.895005339762792e-10 0.00013030948945565778 0.00025321125883421365
8.897040159925088e-06 8.161439700408831e-10 0.0001316014831430579 0.0002562403401725128
9.105277964196262e-06 8.436894271553182e-10 0.0001329375159111316 0.0002593003481081071
9.318389634646344e-06 8.721553660665472e-10 0.000134188652806474 0.0002623902914055077
9.53648924552619e-06 9.015504576529819e-10 0.00013534740537707229 0.0002655081211339297
9.759693541027623e-06 9.318811021920824e-10 0.0001364058493622204 0.00026865160833229997
9.988121997774104e-06 9.631609135614988e-10 0.0001374787734635087 0.00027181932337325094
1.0221896888774101e-05 9.954372715248678e-10 0.0001386686111504504 0.00027501319806993264
1.0461143348871297e-05 1.0287684471860344e-09 0.000139982197222941 0.00027823601199776445
1.0705989441726664e-05 1.063217341595479e-09 0.0001414269697119418 0.0002814907128998398
1.0956566228368292e-05 1.0988539962485837e-09 0.00014301758368846898 0.00028478062420501514
1.1213007837345621e-05 1.1357252184863875e-09 0.00014451011589756253 0.00028810666156102444
1.1475451536525683e-05 1.1738292809017966e-09 0.0001458346106676299 0.0002914653042493672
1.1744037806569732e-05 1.2131567533704121e-09 0.00014697752267395158 0.0002948525098092743
1.201891041612962e-05 1.2536936114519518e-09 0.0001479658602556293 0.00029826403140249976
1.230021649880418e-05 1.2954709387449198e-09 0.000149078687138491 0.000301699533818523
1.258810663189678e-05 1.3385684420248934e-09 0.0001503452796435914 0.0003051625362879756
1.2882734917016228e-05 1.383071751683455e-09 0.00015177528529355128 0.00030865670650955093
1.318425906256416e-05 1.4290738626296774e-09 0.0001533788638656967 0.00031218594184451187
1.3492840468153072e-05 1.4766657481055059e-09 0.00015504965907624607 0.0003157536351035474
1.3808644311000185e-05 1.5258772170426983e-09 0.00015657773393868506 0.0003193583711257805
1.4131839634343373e-05 1.5767091953120777e-09 0.00015794860519578212 0.00032299665802350454
1.44625994379265e-05 1.6291564765137991e-09 0.00015914945476794428 0.000326664711393798
1.480110077060262e-05 1.6832199518219572e-09 0.00016031193163089133 0.00033035932207631333
1.5147524825104427e-05 1.7389785244284855e-09 0.00016160765173088478 0.00033408261999464306
1.550205703503315e-05 1.7965180668841124e-09 0.00016299721728717668 0.00033783696310180723
1.586488717411718e-05 1.8559263924477863e-09 0.00016448583292553 0.00034162458218679634
1.6236209457794034e-05 1.9172968565516483e-09 0.00016606883105990268 0.0003454478080820671
1.6616222647169854e-05 1.9807053235655816e-09 0.00016763525136527833 0.0003493076518258976
1.7005130155412094e-05 2.0461984916627694e-09 0.00016915690111313992 0.0003532032182179256
1.740314015663236e-05 2.1138204219892853e-09 0.00017062887589631168 0.0003571334153904347
1.7810465697317732e-05 2.1836135984534952e-09 0.000172045973879064 0.0003610970327505418
1.822732481036997e-05 2.2556527661273214e-09 0.00017358855335273334 0.00036509463073531
1.865394063181422e-05 2.3300358153271375e-09 0.0001751103254608286 0.00036912789090431285
1.9090541520238954e-05 2.4068142124190486e-09 0.00017658558981130672 0.00037319582042875384
1.9537361179031605e-05 2.486037451370821e-09 0.0001780093685560287 0.00037729728635519175
1.9994638781475142e-05 2.567753395943781e-09 0.00017938616965060234 0.0003814310468666446
2.046261909877256e-05 2.6520394895639256e-09 0.00018083805318183755 0.0003855973039414914
2.094155263106783e-05 2.7390196683561732e-09 0.00018239903803619483 0.000389798392408699
2.1431695741533404e-05 2.828828837716916e-09 0.0001840752353033824 0.0003940369058608889
2.1933310793596105e-05 2.921612535295168e-09 0.00018589861975591162 0.00039831564541002246
2.2446666291374834e-05 3.0175354946955254e-09 0.00018777472295854804 0.0004026379813931507
2.2972037023405232e-05 3.1166418972263595e-09 0.00018946899911246573 0.0004070016341627688
2.3509704209728272e-05 3.2189264557868512e-09 0.0001909665019252548 0.0004114022279408931
2.4059955652421524e-05 3.3243710514850205e-09 0.00019225142899368183 0.00041583502825872384
2.4623085889653616e-05 3.4329800461656645e-09 0.00019351243616158142 0.00042029643219683574
2.5199396353344406e-05 3.544917072307065e-09 0.00019497701198981852 0.00042478937243158217
2.5789195530515217e-05 3.6603999248639506e-09 0.000196653529982387 0.00042931861228956306
2.639279912841554e-05 3.779665212191656e-09 0.00019855536455648895 0.00043388920774249375
2.7010530243514573e-05 3.902969204156032e-09 0.00020067104371841016 0.00043850649724486477
2.764271953444804e-05 4.030475237359517e-09 0.00020266438558715338 0.0004431719397586513
2.828970539901289e-05 4.162182873699928e-09 0.00020443191579658465 0.0004478809084758201
2.8951834155304625e-05 4.298063438406393e-09 0.00020595544558985263 0.00045262797163530996
2.9629460227094224e-05 4.438069774615931e-09 0.00020724602250355638 0.00045740731013542706
3.03229463335436e-05 4.582283684560586e-09 0.00020868688271855298 0.00046221768359370064
3.103266368336199e-05 4.730957600694751e-09 0.00021030364094709188 0.0004670633944450508
3.1758992173506e-05 4.884352978480546e-09 0.00021210714727697762 0.00047194863621212696
3.2502320592530694e-05 5.0427524282513386e-09 0.0002141088246162981 0.0004768778603918945
3.326304682869993e-05 5.206433170262335e-09 0.0002161921891932887 0.0004818549340391188
3.404157808296776e-05 5.37551952954251e-09 0.00021815105012505876 0.0004868787903769987
3.483833108694467e-05 5.550070056529952e-09 0.00021997277546924454 0.0004919463880755155
3.5653732325965114e-05 5.730131270051437e-09 0.00022164548973385923 0.0004970544181010131
3.6488218267376626e-05 5.915758837752294e-09 0.00022328355015624555 0.000502199918017664
3.73422355941715e-05 6.107202888411812e-09 0.00022505291465043273 0.0005073852723698317
3.821624144408694e-05 6.304689145057998e-09 0.00022685647460960446 0.0005126119418557751
3.9110703654301435e-05 6.508426365153778e-09 0.00022869468860191587 0.0005178807232970843
4.0026101011858253e-05 6.71863061202724e-09 0.00023056200014284132 0.0005231924166314786
4.096292350995022e-05 6.935496698333232e-09 0.0002324213017228019 0.0005285471131894067
4.192167261020289e-05 7.159245220344394e-09 0.00023433075744663947 0.0005339453884600442
4.2902861511096555e-05 7.390129487580743e-09 0.0002362918554877383 0.0005393884189662328
4.3907015422670694e-05 7.628413584987512e-09 0.00023830613373540573 0.0005448774157032505
4.493467184765805e-05 7.874423352849904e-09 0.0002404852415011318 0.0005504147624706319
4.598638086919862e-05 8.128460747409957e-09 0.00024257539117976526 0.0005560020227654319
4.706270544528781e-05 8.39060777756963e-09 0.0002445043913908098 0.0005616357845539827
4.8164221710116075e-05 8.66091987288767e-09 0.00024625852180654634 0.0005673121628723068
4.929151928246164e-05 8.939436129302807e-09 0.00024785933235646436 0.0005730270604219876
5.044520158130118e-05 9.22637538842094e-09 0.00024960153484762204 0.0005787801253929087
5.162588614880743e-05 9.522216589075034e-09 0.00025156371116331916 0.0005845759997844511
5.2834204980906736e-05 9.827493245967731e-09 0.0002537594963389631 0.0005904199277416972
5.4070804865573294e-05 1.0142782952023199e-08 0.00025620999271509776 0.0005963174829179978
5.5336347729041376e-05 1.0468670109433408e-08 0.00025875252030549997 0.0006022738443020693
5.663151099012063e-05 1.0805304343606984e-08 0.00026102477618386235 0.0006082859202106592
5.7956987922804495e-05 1.115263750506252e-08 0.0002630048166988521 0.000614347210115166
5.931348802736482e-05 1.1510573967116012e-08 0.0002646694449647817 0.000620450687178072
6.070173741013337e-05 1.1879063702720152e-08 0.000266243814520721 0.000626590407992735
6.2122479172171e-05 1.225861165924327e-08 0.0002680883810984466 0.0006327697311928513
6.357647380703433e-05 1.2649920941573633e-08 0.0002702041588084047 0.0006389948153740928
6.506449960785212e-05 1.3053750450667976e-08 0.00027260829496219164 0.0006452721304609459
6.658735308392948e-05 1.3470918365644887e-08 0.0002752842613147276 0.0006516084614793989
6.814584938710283e-05 1.3901982952604795e-08 0.000277847768498369 0.0006580061212595146
6.974082274807324e-05 1.4347036866657524e-08 0.0002801725174572982 0.0006644603413425707
7.137312692295359e-05 1.48060930695354e-08 0.0002822387712958779 0.0006709653731592886
7.304363565026598e-05 1.52791140978712e-08 0.0002840291734864633 0.0006775149941583962
7.47532431186359e-05 1.5766363492526614e-08 0.0002859995039801884 0.00068410731746587
7.650286444543286e-05 1.6268588356727353e-08 0.0002881122264443388 0.0006907468351272737
7.829343616661371e-05 1.678648477965185e-08 0.0002903752330715607 0.0006974369323311634
8.012591673803087e-05 1.73207941911438e-08 0.0002927968167025765 0.0007041811807304526
8.200128704847386e-05 1.787225273666396e-08 0.00029528395361827216 0.000710982686507276
8.392055094471868e-05 1.8441327518137367e-08 0.00029771274068133863 0.0007178409357407717
8.588473576886614e-05 1.902844581200235e-08 0.00030009344661435127 0.0007247548070256121
8.789489290825678e-05 1.963403776398938e-08 0.0003024199768628092 0.0007317231177620785
8.995209835825662e-05 2.0258558572719224e-08 0.00030477749504200413 0.0007387448747630763
9.205745329821518e-05 2.0902858478795346e-08 0.0003072570464539984 0.0007458233280692033
9.42120846809039e-05 2.1567486141468965e-08 0.0003096474900745156 0.0007529581058876881
9.641714583575055e-05 2.2252833750535116e-08 0.00031193977188255257 0.0007601470447036958
9.867381708619248e-05 2.2959274847006784e-08 0.0003141242959316394 0.0007673877633812646
0.00010098330638147942 2.3687208673765276e-08 0.00031628171996431073 0.0007746781267246647
0.00010334684994326319 2.4437500334980715e-08 0.00031862925658323764 0.0007820205355044486
0.00010576571292732201 2.521127562143875e-08 0.00032118005351181603 0.0007894195576504861
0.00010824119010077183 2.6009740481995555e-08 0.00032394589210106334 0.000796880028905818
0.00011077460653512827 2.6834240564391897e-08 0.0003269742277235113 0.0008044075554594122
0.00011336731831559005 2.768577945226235e-08 0.000329836743897399 0.0008120041311686237
0.00011602071326692277 2.8564440275084516e-08 0.00033239191676574705 0.0008196633934433533
0.00011873621169633335 2.947015790275686e-08 0.00033461482466782486 0.0008273779479249964
0.00012151526715373054 3.040277235895593e-08 0.0003365262116877481 0.0008351399224615468
0.00012435936720978007 3.136281737600013e-08 0.000338633843233197 0.0008429474388106445
0.00012727003425217043 3.2351957597264524e-08 0.00034108069238573995 0.0008508075713372971
0.0001302488263005152 3.33720716414049e-08 0.0003438884272543285 0.0008587284136451361
0.00013329733784032895 3.4425202341474825e-08 0.0003470798732617102 0.000866718575725256
0.00013641720067652152 3.5513350187475424e-08 0.0003504206392434752 0.0008747855842404407
0.0001396100848068701 3.663711646536503e-08 0.00035342797282101744 0.0008829261145983851
0.00014287769931593396 3.7796415284920105e-08 0.00035606696115335107 0.0008911319812208618
0.00014622179328989187 3.899101366469739e-08 0.00035830820533723306 0.0008993943258468892
0.00014964415675279176 4.022073800416671e-08 0.00036038586158693397 0.0009077050879283089
0.0001531466216247133 4.1487100604060856e-08 0.00036277687640905707 0.000916067703010721
0.0001567310627023567 4.279217381486374e-08 0.0003654489114910049 0.0009244888200030782
0.00016039939866258266 4.413813832059922e-08 0.0003684192025709777 0.0009329751363522082
0.0001641535930894396 4.5527336489889435e-08 0.0003716769822280074 0.000941533698066436
0.0001679956555252302 4.6961527781754234e-08 0.0003748547957760163 0.0009501673623970791
0.00017192764254617729 4.844142056278366e-08 0.0003778468537975838 0.0009588723903304128
0.00017595165886326634 4.99675876565493e-08 0.000380636489143137 0.0009676442944913162
0.00018006985844885366 5.154051475559331e-08 0.0003832060611325682 0.000976478186957172
0.00018428444568964296 5.316128259964754e-08 0.00038594915008236425 0.0009853725654402194
0.00018859767656664807 5.4832072337372555e-08 0.00038877443030946004 0.00099433173483889
0.00019301185986277187 5.655452847000474e-08 0.00039164018932736424 0.0010033566978743318
0.00019752935839865095 5.8330336540355955e-08 0.0003945461599196306 0.0010124483877568737
0.00020215259029742383 6.016116799205359e-08 0.0003974394993469658 0.0010216073935078573
0.00020688403027910196 6.204855505459421e-08 0.0004003732182415018 0.0010308333679744613
0.00021172621098523625 6.399457985586993e-08 0.0004034135006233393 0.0010401283984441678
0.00021668172433458727 6.600149200739735e-08 0.00040656463547476254 0.001049494997929858
0.00022175322291052583 6.807167286893685e-08 0.0004098821482551359 0.001058935886983322
0.00022694342138090487 7.020817099986289e-08 0.0004133447716749005 0.0010684563562906567
0.00023225509795116612 7.241238249037897e-08 0.0004165471214635838 0.0010780539162762435
0.00023769109585145484 7.468483164838435e-08 0.0004194669416027626 0.0010877222949691393
0.00024325432485854218 7.702586833072909e-08 0.0004220806896531752 0.0010974546862934694
0.0002489477628533681 7.943603339652688e-08 0.0004246053136192038 0.0011072452913582448
0.00025477445741503937 8.191828125542692e-08 0.0004274693809781148 0.0011170980691435296
0.00026073752745213517 8.447679895582394e-08 0.0004307025002203137 0.0011270212879532287
0.0002668401648721946 8.711611879590175e-08 0.0004343276121765636 0.0011370237456556633
0.000273085636290277 8.984116202438364e-08 0.00043834914685271845 0.0011471148544029378
0.0002794772847775153 9.26553959112231e-08 0.0004421646639554233 0.0011572978885353042
0.0002860185316505911 9.555906664484731e-08 0.00044555143432957375 0.0011675642473668439
0.0002927128783030946 9.855183389572724e-08 0.00044847488902049966 0.0011779036191137719
0.00029956390807974847 1.0163299328635826e-07 0.0004509333287443824 0.0011883049097914061
0.0003065752881944971 1.0480387254222147e-07 0.00045361538072106154 0.001198764239267038
0.00031375077169349086 1.0806962453571575e-07 0.000456693639939286 0.001209290106246349
0.0003210941994640123 1.1143595438877767e-07 0.00046019317059537286 0.0012198919605449312
0.0003286095022904255 1.1490904591120933e-07 0.00046414037134965864 0.0012305798486824514
0.00033630070295824146 1.1849506016838718e-07 0.00046830096547948965 0.0012413628254705326
0.0003441719184074326 1.221965664217682e-07 0.0004721435951928273 0.0012522385145018306
0.00035222736193614483 1.2601422333312604e-07 0.0004756257017654599 0.0012631989307116524
0.00036047134545598864 1.299483460755233e-07 0.00047871751394205854 0.0012742353935142525
0.00036890828180011616 1.3399924791226727e-07 0.00048161403772524426 0.0012853395380484833
0.0003775426870853177 1.3817146987340792e-07 0.00048482404365395113 0.0012965146439751379
0.0003863791831294074 1.4247059044449375e-07 0.0004882344822126157 0.0013077662540011063
0.00039542249992518494 1.469021246631755e-07 0.0004918559786625311 0.0013190991258340108
0.00040467747817230263 1.51471915915781e-07 0.0004956870085793857 0.001330518259414046
0.0004141490718683915 1.5618482924122737e-07 0.0004994613543007979 0.001342025664243189
0.0004238423509608335 1.6104447782519552e-07 0.0005032022478636923 0.0013536199512606724
0.0004337625040605987 1.6605478453548568e-07 0.000506903138446673 0.0013653002704641633
0.00044391484121960163 1.7121969830600932e-07 0.0005105570487477366 0.0013770656137770698
0.0004543047967730601 1.7654432064623213e-07 0.0005144457783764324 0.0013889173310122711
0.00046493793224838435 1.8203518141213844e-07 0.0005182945086199575 0.0014008595217198053
0.0004758199393421456 1.8769549673989216e-07 0.0005219679878057641 0.0014128886894471673
0.00048695664296672335 1.935281469644559e-07 0.0005254495484503684 0.0014250005900497366
0.0004983540043682601 1.995358010142543e-07 0.0005287297928514817 0.001437190558439493
0.0005100181243175925 2.0572281612593656e-07 0.0005321731107842829 0.0014494573151095668
0.0005219552463758677 2.1209770237730546e-07 0.0005359465424924073 0.001461807447411649
0.0005341717602365903 2.1867001649661e-07 0.0005400696313402644 0.0014742488121435473
0.0005466742051458951 2.254500092138776e-07 0.0005445716053946944 0.0014867897334860727
0.000559469273402868 2.3244871592330728e-07 0.000549305546824582 0.0014994391042903216
0.0005725638139417951 2.3967021930457354e-07 0.0005535770840340472 0.0015121926313261134
0.0005859648359982553 2.4711466494215927e-07 0.0005573482483252156 0.0015250391910447217
0.0005996795128610181 2.5478139665750254e-07 0.0005605788967413767 0.001537966749267912
0.0006137151857117567 2.6267015172510925e-07 0.0005635799584832927 0.0015509644316932883
0.0006280793675546278 2.7079006747028464e-07 0.0005670701052090482 0.0015640369558115263
0.0006427797472378308 2.7915519347859347e-07 0.000571088102092077 0.001577196191019324
0.0006578241935692849 2.8778075190901424e-07 0.0005756674331435595 0.0015904547272353282
0.0006732207595286407 2.9668321172254217e-07 0.000580802922055879 0.0016038258782867815
0.0006889776865778715 3.0587457418439234e-07 0.0005857391854985026 0.001617315190052415
0.0007051034090727575 3.153565290856468e-07 0.0005901577917856835 0.0016309127020045682
0.0007216065587776216 3.251287556265958e-07 0.0005940166380575205 0.0016446059613647612
0.0007384959694857329 3.3518981944865546e-07 0.0005972712158911548 0.0016583815050750512
0.0007557806817478518 3.4554324710013606e-07 0.0006007715774551573 0.001672233101750829
0.0007734699477114517 3.562044462852285e-07 0.000604666104590089 0.001686170191961633
0.0007915732360731991 3.671893715292069e-07 0.0006089711528391468 0.0017002019964303648
0.0008101002371473517 3.7851517012324153e-07 0.0006137114553488401 0.0017143382922205248
0.0008290608680527811 3.9019919923182137e-07 0.0006186872420082757 0.0017285881360589428
0.0008484652780214013 4.0225102523918003e-07 0.0006234281225198672 0.001742950351372223
0.0008683238538308426 4.1467659219568407e-07 0.0006279161950918245 0.0017574192683637454
0.000888647225364274 4.2748142128689036e-07 0.0006321283151383209 0.0017719887742743406
0.0009094462713003649 4.4067093148779884e-07 0.0006362015858829596 0.0017866527128942156
0.0009307321249364116 4.5425982029556805e-07 0.0006405843027902714 0.0018014150992159954
0.0009525161801477611 4.682624050354746e-07 0.0006449820243768569 0.0018162789585018043
0.0009748100974867164 4.826908995071308e-07 0.0006493909544643514 0.0018312445959432603
0.0009976258104241874 4.97557779616949e-07 0.000653807011611111 0.0018463122240208918
0.0010209755317374307 5.128747751919319e-07 0.0006581606772007617 0.0018614809619634783
0.0010448717600472944 5.286562985256909e-07 0.000662691986554756 0.0018767522419219735
0.0010693272865084718 5.449204099644163e-07 0.0006674203806573385 0.001892130509698202
0.0010943552016563394 5.616860983795672e-07 0.0006723547832800818 0.0019076204225529948
0.0011199689024140522 5.789748605003845e-07 0.0006776737647355375 0.0019232282325666187
0.0011461820992636283 5.968077211591868e-07 0.0006828382255480862 0.0019389590015485257
0.0011730088235848988 6.151907101509265e-07 0.0006875659933788291 0.0019548041505913247
0.0012004634351662055 6.34127321069524e-07 0.0006918204417481633 0.0019707531621708696
0.0012285606298909 6.536196379920293e-07 0.0006955965277205535 0.0019867947045044613
0.0012573154476037433 6.736780083206454e-07 0.0006996102484321305 0.002002924500019988
0.0012867432801614235 6.943322119855401e-07 0.0007041879924147503 0.002019153500382909
0.0013168598796714968 7.156166700890008e-07 0.0007093652230734773 0.002035495151312524
0.0013476813669241635 7.375686205652372e-07 0.0007151792881501861 0.002051963742903755
0.001379224240021392 7.602262155151979e-07 0.0007213466806790388 0.002068572901421741
0.00141150538320801 7.83604032628128e-07 0.0007269097643035803 0.0020853180483101997
0.0014445420759094905 8.077015105955482e-07 0.0007317831381851755 0.0021021838912749532
0.0014783520019812696 8.325152872703441e-07 0.000735911829599591 0.002119153849593507
0.0015129532591745456 8.580419121531822e-07 0.0007396262988275627 0.0021362120114545
0.0015483643688236342 8.843076518826235e-07 0.0007439297961106593 0.0021533625856367984
0.0015846042857600405 9.113550431776941e-07 0.0007488406853372424 0.002170619548254416
0.0016216924084586054 9.392295192540757e-07 0.0007543971776401076 0.0021879973807076886
0.0016596485894210947 9.679801625475229e-07 0.0007606094869890489 0.002205511428505145
0.001698493145802833 9.976459449272603e-07 0.000766696244321583 0.002223169586990681
0.0017382468702880555 1.0282380866591175e-06 0.0007722775731646654 0.0022409626444596332
0.0017789310422197996 1.0597622770408586e-06 0.0007773109607540185 0.002258878427836032
0.001820567438990296 1.0922216419985974e-06 0.0007817514462013623 0.0022769037448767235
0.0018631783476979538 1.125629191168403e-06 0.0007863751753209944 0.002295031248897906
0.0019067865770771818 1.1600295092031415e-06 0.0007913483153171442 0.0023132704591213435
0.0019514154697074296 1.1954629639661212e-06 0.0007965933885218686 0.0023316276962215194
0.0019970889145079864 1.2319718048366545e-06 0.0008021241255176738 0.0023501094046199664
0.0020438313595252233 1.2695990942230312e-06 0.0008078052939983947 0.002368721591345059
0.0020916678250191235 1.3083759320993777e-06 0.0008133958632198469 0.002387463654666417
0.002140623916856109 1.3483336441928685e-06 0.0008189689055978449 0.002406334708326524
0.0021907258402153345 1.389505202571922e-06 0.0008245169840759089 0.0024253342597398394
0.0022420004136157546 1.43192433616921e-06 0.0008301145063718734 0.0024444617577906807
0.002294475083271549 1.4756429080072772e-06 0.0008360880661911965 0.002463724257751079
0.002348177937783494 1.5206975605337527e-06 0.0008417617395644343 0.0024831213636827224
0.002403137723174208 1.5671096446565247e-06 0.0008471076841104298 0.0025026458276331412
0.0024593838582753044 1.6148987633769039e-06 0.0008520964196239187 0.0025222897323318436
0.002516946450474678 1.6640849835911324e-06 0.0008568980618964931 0.0025420454465366915
0.0025758563118323664 1.7147178837300205e-06 0.0008621641212774205 0.0025619170155310035
0.0026361449755736045 1.7668694096975817e-06 0.0008679662450466818 0.0025819163830413166
0.002697844712967906 1.8206169727781833e-06 0.0008743365299977361 0.0026020563085212126
0.002760988550603204 1.8760449182639223e-06 0.0008813619349790833 0.0026223507824833865
0.0028256102880642947 1.9332238317031078e-06 0.000888143855980841 0.0026428074743038107
0.0028917445160250577 1.9921654994035016e-06 0.0008941916040732427 0.0026634124879017377
0.0029594266347641213 2.0528694218708174e-06 0.000899445709150708 0.00268414816872736
0.0030286928731138984 2.1153287291683646e-06 0.0009038687242276927 0.0027049954574592857
0.003099580307853134 2.1795644193549285e-06 0.0009085626662310188 0.002725945215631062
0.003172126883553309 2.245670891703521e-06 0.0009140002142951082 0.0027470119038038843
0.0032463714328896205 2.3137574902564815e-06 0.0009202287857813067 0.002768213253313251
0.0033223536974272792 2.383942684490663e-06 0.0009272983292375047 0.002789568124055393
0.0034001143488943506 2.456348433829848e-06 0.0009348922274370369 0.0028110946761625132
0.0034796950109524877 2.531030227742098e-06 0.000941837282333475 0.0028327900336803298
0.0035611382814772106 2.607993697260302e-06 0.0009479916683740173 0.0028546368238514595
0.0036444877553596664 2.6872361976507667e-06 0.000953291736768542 0.0028766160354334546
0.003729788047842067 2.7687514551300613e-06 0.0009580103903207555 0.002898708458999366
0.0038170848183993037 2.85261311883505e-06 0.0009633594201118055 0.002920916886953558
0.003906424795179514 2.938940155762477e-06 0.0009692643295323936 0.0029432552255366836
0.003997855800016689 3.027854376149755e-06 0.0009757585256078588 0.0029657367081628197
0.00409142677402871 3.1194863676545567e-06 0.0009828714931790572 0.002988375363378272
0.004187187803814508 3.2139484496280505e-06 0.0009899203604454999 0.003011179369320801
0.004285190148264394 3.3112964076565667e-06 0.0009966421809468507 0.0030341424889272764
0.00438548626599784 3.4115792392166217e-06 0.0010030059984275693 0.0030572568057441307
0.00448812984344354 3.5148425797765558e-06 0.001008979028564305 0.0030805136616374696
0.00459317582357661 3.621149593251828e-06 0.0010151603464472277 0.0031039083238179562
0.004700680435328423 3.730628979033036e-06 0.0010215468712249487 0.003127449987091353
0.004810701223684794 3.843371057918462e-06 0.0010278891243422164 0.0031511386711917306
0.004923297080488616 3.959463029049502e-06 0.0010341768939145315 0.0031749732348965195
0.005038528275963433 4.078991973702376e-06 0.0010403490229630482 0.003198952078360408
0.005156456490974849 4.202045364909853e-06 0.0010466006711124236 0.003223073268065843
0.005277144850047007 4.328753133184443e-06 0.0010531814264084895 0.003247342620684518
0.005400657955151837 4.4592605877158115e-06 0.0010601076481263903 0.003271767927796844
0.005527061920289152 4.593720930548323e-06 0.00106739648838927 0.0032963573659322443
0.005656424406876098 4.732316923853195e-06 0.0010752393499387314 0.003321123311058911
0.0057888146599649045 4.875153740386467e-06 0.0010824311712533043 0.0033460632101740668
0.0059243035453083225 5.022259297981929e-06 0.0010888956941295762 0.0033711609225559325
0.006062963587292604 5.173650226139212e-06 0.0010945734805762328 0.003396398951263583
0.006204869007758247 5.3293428364903625e-06 0.0010997882725062738 0.003421760380901133
0.006350095765729487 5.489484226537524e-06 0.0011057236927618998 0.0034472497384411987
0.006498721598073523 5.654318531733779e-06 0.0011125069375844425 0.0034728858531188596
0.006650826061111473 5.824110704341609e-06 0.0011201914231198232 0.003498688932188641
0.006806490573203213 5.999147755813101e-06 0.0011288383422848878 0.0035246805453120317
0.006965798458328935 6.1796683113283e-06 0.0011372846697992967 0.003550873221622103
0.007128834990690744 6.365713023707503e-06 0.001144764805211827 0.003577249958004169
0.007295687440358169 6.557273929926591e-06 0.0011512010149962192 0.00360378753219476
0.007466445119982013 6.754322093762829e-06 0.0011565111358789132 0.003630460859930495
0.007641199432601568 6.956893881537617e-06 0.0011619962638911151 0.003657254615700716
0.007820043920570754 7.16526601590278e-06 0.0011683209810907154 0.0036841850627175863
0.008003074315629407 7.379749812084947e-06 0.0011754928125776972 0.0037112712353244387
0.008190388590146487 7.600680823321449e-06 0.0011835646927249358 0.003738533319205154
0.008382087009562653 7.828408651604706e-06 0.001192275272680883 0.0037659912610488503
0.008578272186060283 8.06313028147253e-06 0.0012004376432428563 0.0037936450733557264
0.008779049133489586 8.304913872067283e-06 0.0012078900473274324 0.003821479288289049
0.008984525323580428 8.553809476721048e-06 0.0012145731976240968 0.003849476813867196
0.009194810743469653 8.809853938366538e-06 0.001220641440095481 0.0038776196450161435
0.00941001795457493 9.073264043299253e-06 0.001227349364666142 0.0039059097375548192
0.009630262152846538 9.3443499839216e-06 0.0012343604715126736 0.0039343581730377965
0.009855661230429373 9.623396683486893e-06 0.0012416887796174567 0.003962972121345705
0.010086335838768157 9.910703143270591e-06 0.0012493489639392292 0.003991759082537163
0.010322409453189654 1.0206549451179884e-05 0.001256981874771083 0.004020723596396169
0.010564008438996448 1.0511156680494335e-05 0.001264582528108502 0.004049863627294511
0.010811262119107665 1.0824772352763105e-05 0.0012721796380253758 0.004079179122115608
0.011064302843282844 1.1147649306289506e-05 0.0012797645289324723 0.004108669894195035
0.011323266058966018 1.1480074488030336e-05 0.0012877554092444214 0.004138338181062212
0.011588290383787907 1.1822441013746067e-05 0.0012957926436226058 0.004168194718574075
0.0118595176797651 1.2174931601963718e-05 0.001303315409243889 0.004198230958852857
0.01213709312923573 1.253768355715135e-05 0.0013102783916409137 0.004228434492608468
0.012421165312572719 1.2910818324579191e-05 0.0013166388647400291 0.004258791823646886
0.01271188628771567 1.329452883059728e-05 0.0013231741410798998 0.0042892954214798626
0.01300941167156434 1.3689275684254183e-05 0.0013304606805079218 0.004319958461506522
0.013313900723277147 1.4095601013146241e-05 0.0013385444012221403 0.004350798826142644
0.013625516429519275 1.4514086476991338e-05 0.0013474736380335063 0.004381835488982579
0.01394442559170606 1.4945362469708758e-05 0.0013571379354410862 0.004413089029611265
0.014270798915288326 1.5389761779265476e-05 0.0013659044793421413 0.0044445568885701225
0.014604811101127454 1.5847303278796037e-05 0.001373539694674472 0.004476214233548324
0.01494664093900914 1.6317956733386376e-05 0.0013799538073085422 0.004508033886523482
0.015296471403345845 1.6801670814155733e-05 0.0013854996051410932 0.004539988437789565
0.015654489751119195 1.7298832376323564e-05 0.0013919425499460758 0.004572079986713462
0.01602088762211477 1.781018289714102e-05 0.0013994407962587717 0.004604332286248161
0.016395861141502873 1.8336522532002448e-05 0.0014080618794975104 0.004636770495162672
0.016779611024820323 1.887871727631059e-05 0.001417873051217537 0.004669421382521099
0.017172342685409164 1.9437523752526267e-05 0.0014276631131195155 0.004702302800256504
0.017574266344370353 2.0013135239902898e-05 0.0014364040593487588 0.004735398265801906
0.017985597143090643 2.0605583333385116e-05 0.0014440107989575693 0.00476868256319294
0.0184065552584033 2.1214844555705373e-05 0.0014503933825282891 0.004802128440058113
0.018837366020444214 2.1841012703174473e-05 0.0014567502282160528 0.004835716076639059
0.019278260033266423 2.2484850611373506e-05 0.0014639328297963905 0.004869461431496459
0.019729473298277685 2.314714966016921e-05 0.0014717887783088483 0.004903380238713708
0.020191247340567126 2.3828741382203936e-05 0.0014803577607986377 0.004937488511105994
0.0206638293381886 2.4530497375670368e-05 0.0014894866044223918 0.004971802458330299
0.021147472254469973 2.525302923899725e-05 0.0014982881877483993 0.005006324063088265
0.021642434973419132 2.599672940723826e-05 0.0015066841960670837 0.005041044197586903
0.02214898243829923 2.6761977845618764e-05 0.001514636173400755 0.005075953045778205
0.022667385793447292 2.7549135625882243e-05 0.0015221490146518214 0.005111039883815993
0.023197922529412215 2.835890524556492e-05 0.0015304334257093073 0.00514630887776852
0.02374087663148949 2.9192077141080576e-05 0.0015385356847129944 0.005181766976789274
0.02429653873173293 3.004919587888419e-05 0.0015464337191677501 0.005217409726626914
0.02486520626452377 3.0930803248558376e-05 0.0015541040965515553 0.005253232137148592
0.02544718362578116 3.183743217778899e-05 0.001561558601860856 0.0052892284872788345
0.026042782335899007 3.276981123150328e-05 0.0015693887828343422 0.005325400319473382
0.026652321206496323 3.372893654670793e-05 0.001577716354853502 0.005361758516083791
0.02727612651107051 3.471586787790585e-05 0.0015865678358771547 0.00539831486901329
0.027914532159644755 3.573175092347503e-05 0.0015961873100213387 0.005435082744546422
0.028567879877503144 3.6777818965145025e-05 0.0016057912440815276 0.005472076972675494
0.029236519388109106 3.785445493635753e-05 0.0016143771905231658 0.00550928122287857
0.02992080860030512 3.896179196199945e-05 0.001621862467445085 0.005546671029632075
0.030621113799893886 4.009987614194599e-05 0.0016281596704456663 0.005584219947113145
0.0313378098457035 4.12690212653279e-05 0.0016345872914965587 0.00562191120282939
0.03207128037024161 4.2470631211868e-05 0.0016420691757238145 0.005659762815894532
0.03282191798504598 4.370639739836329e-05 0.0016506666929849633 0.005697799774930088
0.03359012449084106 4.4978144491371005e-05 0.001660450496380309 0.00573604866226487
0.034376311092613916 4.628782010933453e-05 0.0016712431889975073 0.005774537129913893
0.0351808986197235 4.763654958833776e-05 0.0016811005523344681 0.00581326656288893
0.036004317751161884 4.902441151417781e-05 0.001689605829124649 0.00585220802909344
0.036847009246087845 5.045131478655387e-05 0.001696652414487798 0.005891329065814888
0.037709424179756035 5.191705824857544e-05 0.0017024790174905507 0.005930595661559531
0.038592024184968196 5.3422590619480736e-05 0.0017092363257769977 0.00597000546279248
0.03949528169917565 5.4969898960646864e-05 0.0017169629075410708 0.006009582165929017
0.040419680217365216 5.656103818706756e-05 0.001725719862089291 0.006049348863382093
0.041365714550864054 5.81982174815507e-05 0.001735571537961411 0.006089330099751106
0.04233389109220189 5.988351147087292e-05 0.0017456298499712887 0.006129544781194482
0.0433247280861724 6.161780241650937e-05 0.0017548479583398135 0.006169981907679337
0.04433875590723893 6.340157713283862e-05 0.001763159647063013 0.006210621355031569
0.045376517343432864 6.523522290537433e-05 0.0017704905568631652 0.006251441322650004
0.04643856788689694 6.711927849753839e-05 0.0017777081872480643 0.006292423968174916
0.04752547603122824 6.905575674158095e-05 0.001785573910003695 0.0063335832420966034
0.0486378235757816 7.104642275527378e-05 0.0017936457027173751 0.006374926279980488
0.0497762059370943 7.309299020144879e-05 0.0018019294290006625 0.0064164579090868505
0.05094123246760033 7.519723018538512e-05 0.0018103846085053828 0.006458182984563814
0.05213352678180401 7.736076093299164e-05 0.0018187791249827513 0.006500102276196506
0.05335372709008796 7.958519730436663e-05 0.0018272127099612004 0.0065422156315644
0.054602486540333825 8.187224986759503e-05 0.0018356788232806618 0.0065845238738322645
0.05588047356753874 8.42236682660924e-05 0.001844170418670326 0.0066270276620949715
0.05718837225161477 8.66417350934004e-05 0.0018534706130229608 0.006669736215591084
0.05852688268356263 8.912859083667266e-05 0.001862224460344101 0.006712654883852658
0.05989672134021587 9.168510602054183e-05 0.0018701859450111864 0.006755766403295585
0.06129862146775603 9.431202246041154e-05 0.001877289293442645 0.006799051713610036
0.06273333347420412 9.701003263439007e-05 0.0018837565082881391 0.006842491431344076
0.06420162533109855 9.978110407981466e-05 0.001890911808051337 0.006886086754909737
0.06570428298457386 0.00010262845320145279 0.001898961715430831 0.006929857252957318
0.06724211077606207 0.00010555555071641454 0.0019079616049538302 0.006973824220867756
0.0688159318728395 0.00010856612139887831 0.0019180532977068469 0.007018010426243887
0.07042658870865123 0.00011166393668115891 0.0019283373744254288 0.007062436948561072
0.07207494343464833 0.00011485009782473326 0.0019372609793236893 0.0071070851473777966
0.07376187838087955 0.00011812465798679055 0.0019447164411637754 0.007151922372343139
0.0754882965285842 0.0001214873774491271 0.0019505899774921148 0.007196913396206193
0.07725512199353927 0.000124938562569624 0.001956296085020183 0.007242031672649966
0.07906330052071946 0.00012848197174881662 0.001963172247930565 0.007287295793814744
0.08091379999053473 0.00013212207235886232 0.001971171744503857 0.007332731225003828
0.08280761093691669 0.00013586364458137779 0.0019803664441689814 0.007378364733242896
0.0847457470775307 0.0001397118101383083 0.001990697064748124 0.007424224526782668
0.08672924585639806 0.00014367017437743956 0.0020003540993958915 0.00747031839929451
0.08875916899921808 0.00014773949288668747 0.0020087232584491918 0.007516620271697506
0.0908366030816881 0.00015192001038691132 0.0020157027028825727 0.007563099231252522
0.09296266011112407 0.00015621164510224873 0.002021306370918302 0.0076097220335853795
0.09513847812169614 0.00016061667978622976 0.002027846040300061 0.007656481954388009
0.0973652217835939 0.0001651400193903824 0.00203496526348348 0.007703399174312019
0.09964408302645045 0.00016978614774248944 0.002042697803016653 0.007750487470879183
0.10197628167735744 0.000174559806330138 0.0020510791682109794 0.007797761415216555
0.10436306611381327 0.0001794658126642806 0.0020598109967847763 0.007845234499344841
0.10680571393195358 0.00018450743130893636 0.0020680617691207683 0.007892903759726079
0.109305532630422 0.00018968697759778926 0.0020757480561197444 0.007940756774956823
0.11186386031024691 0.0001950066395834407 0.0020828207672638844 0.007988779941207709
0.11448206639109923 0.00020046878354451115 0.002089884238114257 0.008036961274347814
0.11716155234431426 0.00020607899124158906 0.002097536078203597 0.008085316504068385
0.11990375244307021 0.0002118408479592229 0.0021047144190589895 0.00813384267748221
0.12271013453012482 0.00021775699175506871 0.002111377272552388 0.008182528384404756
0.12558220080352114 0.0002238299442531643 0.002117468170772046 0.008231361210212824
0.1285214886206832 0.00023006181258683638 0.0021230839535131617 0.00828032547930452
0.13152957132133036 0.0002364581017542279 0.002129817202464989 0.008329431844375384
0.1346080590696551 0.00024302664621906692 0.002137740768905703 0.008378706930952029
0.13775859971620935 0.00024977587590235026 0.0021469314206971624 0.008428179114725404
0.1409828796799649 0.00025671325701433705 0.0021558823002074015 0.008477867105232068
0.14428262485101853 0.0002638412060839137 0.002164421705176148 0.008527752062699087
0.14765960151442503 0.0002711651747731276 0.002173168771775467 0.008577836226365496
0.15111561729565304 0.00027869116084303184 0.0021821287295153697 0.00862812444576439
0.15465252212816924 0.00028642529059515437 0.0021911587884433283 0.008678621175789655
0.1582722092436695 0.00029437273067983943 0.0022000751898838375 0.008729323518200239
0.1619766161854863 0.00030253964006252506 0.0022092223929637512 0.008780234020033709
0.16576772584571564 0.00031093282576408426 0.0022186068467884403 0.008831358077727202
0.1696475675266178 0.00031955933939409125 0.0022282352009966606 0.008882701137298861
0.1736182180268608 0.0003284454111520317 0.0022467558961480898 0.008934378954465538
0.17768180275318793 0.00033759903295430617 0.0022568212387900485 0.00898639506102093
0.18184049685810239 0.00034698850064731533 0.0022570684370160536 0.009038531129715905
0.1860965264041834 0.0003565765590833036 0.0022467915660267035 0.009090552303751498
0.19045216955564986 0.0003663342730221728 0.00223695245147427 0.009142282810561838
0.19490975779781464 0.00037629553999911483 0.002232317651744101 0.009193884153005214
0.19947167718508027 0.00038646740111539636 0.002227061385766508 0.009245370984347752
0.20414036961814436 0.0003968512658789677 0.0022211448136870123 0.009296728528872455
0.2089183341510982 0.00040745355131699954 0.0022236123577817155 0.009347966338590558
0.2138081283291187 0.00041837483663432676 0.002238833533453209 0.009399538232066403
0.21881236955746894 0.0004295589921737192 0.002226297327959618 0.009451144198346301
0.22393373650254111 0.0004408651376014049 0.002184022655225836 0.009502120986138165
0.22917497052569083 0.00045213153974158415 0.002109919007543383 0.009551755726695994
0.234538877150631 0.00046373459440132806 0.002221368949866382 0.009601701709028266
0.24002832756517034 0.0004759463996648539 0.002198183352385288 0.009653068523553427
0.24564626015810065 0.00048779899937775894 0.0019903341008961958 0.009701792789518814
0.2513956820920558 0.0004981698796817548 0.0015847794159430206 0.00974346071036471
0.25727967091318127 0.0005061050900712662 0.0011905943740592073 0.00977461508186169
0.263301376198484 0.0005126637653786401 0.0010005004660968938 0.00979977326603453
0.2694640212417331 0.0005184329586035958 0.0008851640889082082 0.009821394791032218
0.275770904778823 0.000523860864135372 0.0008500860673587275 0.009841269505024694
0.28222540275351804 0.0005294521565827496 0.0008771757705788269 0.00986127341545028
0.2888309701245251 0.0005350854765493866 0.0008309515512812924 0.0098809682366348
0.2955911427148611 0.0005405865886014277 0.0007991726426121344 0.00989976169462925
0.3025095391045058 0.0005460498502691513 0.000782912484496586 0.009917998785622006
0.3095898625673525 0.0005515843455711834 0.0007833044657026735 0.009936051064886067
0.3168359030534936 0.0005572423385972606 0.0007749741522997818 0.009954084595285878
0.3242515392179019 0.0005629461909138622 0.0007636807016827659 0.00997184914258699
0.3318407404965947 0.0005687044031651602 0.0007541334285998878 0.009989373177732418
0.3396075692313897 0.0005745304832713012 0.0007464684170708355 0.010006698585982259
0.34755618284439344 0.000580431590678983 0.0007363458960523467 0.010023846228020166
0.35569083606338 0.0005863729069689726 0.0007253507263516654 0.01004071625161911
0.3640158831992625 0.0005923851628286188 0.0007200263374349628 0.010057397424657643
0.3725357804768628 0.0005985184910073198 0.0007207862020543723 0.010074025415725074
0.3812550884202366 0.0006048298991738238 0.0007273600759733072 0.010090745054450836
0.390178474293827 0.0006113324948598275 0.0007297555175944889 0.010107577598826117
0.3993107146007548 0.0006180006265778476 0.0007302669999925942 0.010124444334006416
0.4086566976395809 0.000624820241424563 0.0007287585520894607 0.010141300141750595
0.41822142612091123 0.0006317747746917296 0.000725086669243134 0.010158096714026328
0.4280100198452438 0.0006388435497787112 0.0007192640528330094 0.010174779106862196
0.43802771844349153 0.0006460304212070779 0.0007161662301682986 0.010191352524267238
0.4482798841816478 0.0006533721898905481 0.0007166950346614338 0.010207896072715082
0.4587720048310963 0.0006609115779685926 0.0007211105335269792 0.010224496511157562
0.46950969660610076 0.0006686927652251298 0.000727554844583074 0.010241237744939104
0.48049870717004795 0.000676709906642343 0.0007314002676616695 0.010258092485235652
0.4917449187120536 0.000684952735235923 0.0007343126406754839 0.010275025698276043
0.5032543510955719 0.0006934162824612204 0.0007362216751624057 0.01029201500396491
0.5150331650807095 0.0007020941136752236 0.0007370618117787627 0.010309036359623125
0.5270876656219483 0.0007109840227469494 0.0007380379124023736 0.01032607515414089
0.5394243052430577 0.000720099776296899 0.0007399502040930192 0.01034314743928068
0.5520496874909966 0.0007294593053400462 0.0007428638532274396 0.010360275581745374
0.5649705704706549 0.0007390824077519788 0.0007468475998862119 0.010377483514445434
0.5781938704623268 0.000748982273594786 0.0007500437717320317 0.010394781725553439
0.5917266656238517 0.0007591529880283957 0.0007531990755305556 0.010412146988860147
0.6055761997794052 0.0007696111627612731 0.0007571850562751607 0.010429594867557103
0.619749886296968 0.0007803768459915032 0.0007620569982664133 0.010447145181504885
0.6342553120565475 0.000791471813040906 0.0007677743392352546 0.010464818821814019
0.649100241511277 0.0008029100390129215 0.0007731004741446413 0.01048262276032247
0.6642926208435667 0.0008146906698634489 0.0007775996304810919 0.01050054052561846
0.6798405822185294 0.0008268101118274802 0.0007812073845158534 0.010518552268963218
0.6957524481369618 0.0008392630487915664 0.000783855670313692 0.010536636610347065
0.7120367358901998 0.0008520413424120624 0.0007857812180675681 0.01055476923190025
0.7287021621192568 0.0008651639751322525 0.0007893199151257566 0.010572964730299573
0.7457576474806545 0.0008786688968145045 0.0007946063169646601 0.010591262137928967
0.7632123214214672 0.0008925983594327854 0.0008017601751794375 0.010609703214309292
0.7810755270661239 0.000906994702638794 0.0008098720068243211 0.01062832663737237
0.7993568262175902 0.0009218650324316794 0.000816719717167241 0.01064712347240483
0.8180660044756016 0.0009371989839002969 0.000822215623772005 0.010666063271977923
0.8372130764746928 0.0009529832470505588 0.0008262564777810332 0.010685113610487613
0.8568082912448229 0.0009692013790897638 0.0008289370186660124 0.01070424011762455
0.8768621376974683 0.0009858572506511593 0.0008323812308850229 0.010723433750464337
0.8973853502401199 0.001002987335622609 0.000837169329300049 0.010742722466712743
0.9183889145221872 0.0010206338882156809 0.0008433925945486959 0.01076213836292717
0.9398840733153894 0.0010388435790522272 0.0008511472770092575 0.010781715718216922
0.9618823325317791 0.0010576536139890408 0.0008587821567145081 0.010801476125820986
0.9843954673826101 0.0010770655713297388 0.0008655518605641967 0.010821402634515635
1.0074355286813754 0.0010970778397351082 0.0008714451169378623 0.010841475701591772
1.0310148492943494 0.0011176864047958998 0.0008763924014003383 0.010861674269128742
1.0551460507421169 0.0011388880270831142 0.0008809217580722058 0.010881978971029568
1.0798420499556114 0.0011607071826876287 0.0008861874204939547 0.010902397259961975
1.1051160661902795 0.0011831786534277778 0.0008921336814326073 0.010922945116027826
1.1309816281020735 0.001206339170694794 0.0008988028658880627 0.010943638750681953
1.1574525809890612 0.0012302279525999223 0.0009060759652865442 0.01096449500082844
1.1845430942025246 0.0012548682525598234 0.0009129835211587885 0.0109855154633738
1.2122676687315208 0.0012802747735622569 0.0009197443509017667 0.011006693979669038
1.2406411449649597 0.0013064654672430092 0.0009263404150459763 0.011028026945533608
1.2696787106353562 0.0013334580625121942 0.0009327525602193544 0.011049510322963751
1.299395908948507 0.0013612796919748379 0.0009397078493938169 0.011071147163833766
1.3298086469034476 0.0013899633291396263 0.0009465086284577126 0.01109294427649312
1.3609332038071393 0.0014195253124241044 0.0009530055386135158 0.011114895157526962
1.3927862399884348 0.001449980905596398 0.0009591695387461701 0.011136992448047774
1.4253848057160214 0.0014813445603449335 0.0009650289928418051 0.011159228208052926
1.4587463503250655 0.0015136421396332524 0.0009712532848918319 0.011181602442732832
1.4928887315574817 0.0015469176207973665 0.0009780346001243983 0.011204126941709764
1.5278302251208116 0.0015812191158690644 0.000985405456313973 0.011226814946807913
1.563589534470829 0.001616598053422808 0.000993374352901146 0.011249680438243443
1.6001858008231138 0.0016530979990806486 0.001001270148624865 0.011272730959824657
1.6376386133989447 0.001690740849500167 0.0010087821022013812 0.011295959613809194
1.675968019911004 0.0017295447129786904 0.001015874299558405 0.011319357115292677
1.7151945372945012 0.0017695261089212973 0.0010225087106765797 0.011342913322323834
1.7553391626894626 0.0018107023690038108 0.0010289341542728037 0.011366618698093611
1.7964233846800635 0.0018531182730082022 0.0010359791774643037 0.011390479261736823
1.8384691947970222 0.0018968378116727338 0.001043725837475008 0.011414510675251927
1.8814990992892089 0.0019419298605500108 0.0010522159757435172 0.011438729631692688
1.9255361311707768 0.001988464499948657 0.0010610741519587678 0.011463151775734478
1.9706038625502416 0.002036478039185728 0.0010696119161261511 0.011487773778844176
2.016726417248164 0.0020860077753322714 0.0010780888329002443 0.011512592408020127
2.0639284837101144 0.0021370951853906172 0.001086491132923861 0.011537606092971761
2.1122353282218906 0.002189781998702049 0.0010947660490559798 0.011562812892497784
2.1616728084340324 0.00224410546362765 0.0011029567576214762 0.011588208289519642
2.2122673872028886 0.0023001289396194138 0.0011117096058253615 0.011613799392376984
2.264046146755631 0.002357932144613882 0.0011210552938529304 0.011639599534539097
2.3170368031868116 0.002417599964394429 0.0011310260712512296 0.011665622794924765
2.371267721294209 0.0024791900141349003 0.001140089565056473 0.011691870045080089
2.426767929761917 0.0025427279655260396 0.00114971700211745 0.01171832808871193
2.483567136698798 0.002608334155011652 0.0011605591509389517 0.011745022470141137
2.5416957455406126 0.0026761433787040587 0.0011726912975866346 0.011771982122096687
2.6011848713243517 0.002746289158471811 0.0011851041994617442 0.011799232853194248
2.6620663573434715 0.002818795056112813 0.0011968595310661257 0.011826756199390791
2.724372792192928 0.0028937569490550905 0.0012094712424150426 0.011854560953021493
2.7881375272132045 0.002971306201379759 0.001222986904046409 0.011882667432970633
2.8533946943425734 0.003051583270985469 0.001237314692816047 0.011911097057036255
2.9201792243872164 0.0031346293972878175 0.0012499042982832775 0.011939834619953314
2.9885268657189616 0.0032205386746769985 0.001264230267271922 0.011968882916169496
3.058474203410643 0.0033095248806347716 0.0012804015164680888 0.011998283276824026
3.13005867881933 0.0034018211654680106 0.0012985327452539144 0.012028079679749478
3.2033186096279103 0.0034975813338184434 0.0013148388343781712 0.012058287209627889
3.2782932103557463 0.0035967884353640903 0.0013319650292604919 0.012088866198357064
3.3550226133493957 0.0036997380102840394 0.001351883349710526 0.012119872744821186
3.433547890264623 0.00380677713027981 0.0013747723934965596 0.012151373404231908
3.513911074051201 0.003918269663045018 0.0013994966603216323 0.012183434031865134
3.5961551814522794 0.00403433754130101 0.001423005531458541 0.012216046838521004
3.6803242360303505 0.004155118903502849 0.001446945054556576 0.012249207679684713
3.766463291732159 0.004280808095727415 0.0014713196460345657 0.012282926524151989
3.8546184570051105 0.004411607234313856 0.0014961335574828923 0.012317213458203477
3.9448369194782127 0.00454770863851292 0.001521123225719945 0.01235207408065994
4.037166971220603 0.004689361427560759 0.0015473967346834453 0.012387526507465949
4.131658034591296 0.00483687609715118 0.001575027227195414 0.012423601316341959
4.228360688693948 0.004990583892625381 0.0016040816058779464 0.012460330617174444
4.327326696450801 0.005150782949216074 0.0016329096624558563 0.012497735208233024
4.4286090323102965 0.0053176658920385585 0.0016627324510032366 0.012535808871433376
4.532261910603199 0.005491659288721393 0.0016947526649818579 0.012574596427812052
4.6383408145624045 0.005673244129973845 0.0017290927456199577 0.012614150014395887
4.746902526021957 0.00586295863633146 0.0017670646379399127 0.012654528763937205
4.858005155811191 0.0060615293516025825 0.0018067285114448796 0.012695825372555744
4.971708174860245 0.0062690465843604345 0.0018426454998781191 0.012737995197120114
5.088072446033622 0.006485366457805647 0.0018745064949769483 0.012780948116580485
5.20716025670881 0.006710284974375452 0.001901984668026575 0.012824586535718822
5.329035352117438 0.0069440811251952 0.0019351047619470393 0.012868909285929578
5.453762969466727 0.007187545252171988 0.001968659306622676 0.012914008577665384
5.58140987285968 0.007440974539779804 0.0020019501238845963 0.01295987952468278
5.712044389032477 0.00770466401598101 0.0020349213583195076 0.01300651533051163
5.845736443928362 0.007979049440852252 0.0020710583571610553 0.013053932166542345
5.982557600127557 0.008264966238870831 0.0021077985504943417 0.013102210955561742
6.122581095153219 0.008562535017741126 0.0021418769823251613 0.013151307427154292
6.265881880673967 0.008871746830945907 0.0021730645724395963 0.01320115742580995
6.412536662623953 0.009192588254335703 0.0022039547492455447 0.013251698443313177
6.562623942261955 0.00952622383591492 0.0022410731335530732 0.013303051906847625
6.7162240581914725 0.009873029355383568 0.0022737199801360726 0.013355210864834537
6.873419229364309 0.010232707680651756 0.0023015377231592332 0.013408067971674058
7.034293599090672 0.010604864297776458 0.002324148450530763 0.013461507216324692
7.198933280079338 0.010989694549741871 0.002351568793135015 0.013515501461381127
7.367426400532011 0.011388305547203418 0.0023797063002584493 0.01357014905421401
7.539863151316464 0.0118010454356949 0.002407223337509883 0.01362543853315601
7.716335834243917 0.012228241153285933 0.0024340448095115184 0.013681354660127508
7.896938911476228 0.012670325694667249 0.002462535306252252 0.01373789508197085
8.081769056089541 0.01312822683100808 0.0024918938621272496 0.013795117873024046
8.270925203821369 0.0136022288722145 0.00251943848178618 0.013852996974996824
8.464508606028849 0.014092468034648064 0.002545008262328623 0.013911488625168065
8.66262288388648 0.014599060084720951 0.0025699267559838664 0.01397054782980837
8.865374083852394 0.015123230542557542 0.0025999344372625213 0.014030257508076268
9.07287073443282 0.015665510182773713 0.002626190781320178 0.01409061616797968
9.285223904275137 0.016225631407437234 0.0026483970681223817 0.014151533799280488
9.502547261620615 0.01680321803296691 0.002666237597226731 0.01421291319692987
9.724957135148667 0.017398098459172662 0.0026838609772596544 0.01427468334683718
9.952572576245169 0.01801133236220842 0.0027049244532253453 0.014336901576640913
10.1855154227282 0.01864420800851408 0.0027292911872965537 0.014399642696962315
10.423910364065293 0.019298121343901325 0.0027571715826323444 0.014462985369742014
10.667885008117114 0.01997462537290943 0.0027890845538197373 0.0145270161889414
10.917569949443308 0.020674901590089105 0.0028193465035343964 0.014591779875414154
11.173098839207043 0.02139872358273105 0.002845050659804771 0.014657189005137503
11.434608456715713 0.022145571709554602 0.002865840952947963 0.01472313423958427
11.70223878263605 0.022914767969526764 0.002881837342228221 0.014789498188375992
11.976133073922874 0.023706740447041054 0.0029014623601953823 0.01485626304291113
12.256437940501618 0.0245230285744831 0.002923084916915973 0.014923502418930545
12.54330342374537 0.02536492683282137 0.00294682461248591 0.014991263814557584
12.8368830767892 0.026233826815202133 0.0029728072961982778 0.015059597539810857
13.137334046723776 0.027131036413723327 0.0029992008663709633 0.015128542441869845
13.444817158712981 0.028057201320509796 0.00302478349233001 0.015198083257477762
13.759497002080279 0.029013010149856543 0.003049826280576486 0.015268207091093297
14.081542018409971 0.02999915868766663 0.0030742626734849704 0.015338900679504119
14.411124591710466 0.031016451098401863 0.0030998962163462556 0.01541015744889476
14.74842114068787 0.03206666786174242 0.0031268747880908395 0.015482036441481188
15.093612213179249 0.033150365997027774 0.0031514429830906457 0.015554509186411616
15.446882582796135 0.034267650739005076 0.0031734003301821015 0.015627517742960225
15.808421347830011 0.035418518554860105 0.003192520478363131 0.015700999375554657
16.17842203247269 0.03660311567105967 0.0032112328970413063 0.015774903190759394
16.557082690405792 0.03782323465874801 0.003233722818455715 0.015849280496321456
16.94460601081479 0.03908140079833105 0.0032602368110578295 0.015924221253606693
17.341199426884288 0.04038037390165502 0.0032910347042664615 0.01599982128265681
17.74707522683272 0.041723242760793214 0.0033262122511586926 0.01607618683593039
18.162450667545816 0.04311160189518998 0.003357571693340908 0.016153332045119095
18.5875480908697 0.044544559291972576 0.003383105968713823 0.01623113290356143
19.02259504262586 0.04602081113551534 0.0034023681070936675 0.01630944982328816
19.46782439441171 0.0475387632859262 0.0034159786529334322 0.01638813568321014
19.92347446825191 0.04909898311519357 0.003433201255411457 0.016467161050094607
20.389789164167198 0.05070507474576256 0.0034561397160589873 0.016546647361088962
20.867018090729005 0.052361150036587194 0.00348517941985299 0.016626730906517978
21.355416698669746 0.05407174749387918 0.003520726687361124 0.016707557132610115
21.855246417620275 0.05584101348776139 0.0035577336066830666 0.01678924167267503
22.36677479604776 0.057669219164034245 0.0035891941918555184 0.016871715318867303
22.890275644468797 0.059555126206083775 0.0036146513108660364 0.016954844614026986
23.426029182014506 0.06149709527413091 0.0036336452643023816 0.017038486484678227
23.97432218642611 0.06347435172292477 0.003538981110421475 0.017121701485792125
24.535448147560707 0.06543957422270993 0.0034929796417336022 0.017202515590665886
25.10970742449088 0.06747255612252494 0.0036160727098436597 0.01728419572849298
25.69740740628028 0.0696782826375952 0.003920277055710575 0.017370780200211516
26.298862676522724 0.07217485289825365 0.004392610312408434 0.01746653312512527
26.914395181732225 0.0750126004615009 0.004815360319347322 0.017572880234441427
27.5443344036743 0.078161930993989 0.00517039427598043 0.017688204436767618
28.1890175357307 0.08159053331728114 0.005452451753915046 0.017810881585846247
28.84878966339204 0.0852597835327824 0.0056559751364623325 0.017939163264737334
29.524003948974883 0.08912406957183269 0.005775094419352982 0.01807116976695523
30.215021820662198 0.09313005593171166 0.00580361126531006 0.018204882823706053
30.92221316596835 0.0972158837470058 0.005734982276526669 0.018338137924543804
31.645956529732224 0.10131030097062792 0.00556230144737901 0.018468612696098757
32.386639316744386 0.10544612766163913 0.005635882918370962 0.018597381361387503
33.14465799911685 0.10974041201242103 0.005680594790752027 0.018728016922756344
33.92041832850635 0.11413727705133118 0.005640570094055694 0.018858710688527833
34.71433555330477 0.11856951072549846 0.0055097629967662855 0.018987438846244705
35.52683464091301 0.12300626970970652 0.005421043669420295 0.019113345107535443
36.35835050521715 0.12748618493025024 0.005357726617546352 0.019237561495953723
37.2093282393889 0.1320255525878976 0.005314504359946832 0.01936054174669252
38.08022335413468 0.13664059416257968 0.005276319122811241 0.019482707680749722
38.97150202152103 0.14131825732005387 0.005224383096187112 0.01960369485682596
39.883641324506875 0.1460692279752256 0.005197199011842477 0.019723762545483116
40.8171295123161 0.15091832089482593 0.005196575976036361 0.019843502550847852
41.77246626178722 0.1558664488210579 0.005165425872160313 0.0199628896746163
42.750162944840014 0.16091222026604263 0.005161301782252906 0.02008184393325597
43.7507429022023 0.16608726024501386 0.005187990132976778 0.020201050835373983
44.77474172354335 0.1714026718876107 0.005191883232200522 0.020320687131743103
45.82270753416391 0.1768555562974017 0.005220226749815447 0.02044060638113768
46.89520128839631 0.18248501197267258 0.005283416941912176 0.020561572738830046
47.992797069871834 0.18830240507432996 0.005321020188352015 0.020683714601476805
49.11608239881501 0.19431638598344536 0.0053926540548330185 0.02080709146566308
50.265658546532144 0.20057274091077182 0.00548672294252229 0.020932500444994714
51.442140857258565 0.2070762375688289 0.0055748379417009065 0.021059877276525925
52.64615907753983 0.2138605379375637 0.005700591393736182 0.021189709404930777
53.87835769332197 0.22096707058642864 0.00582941499575339 0.02132259231912421
55.13939627493143 0.2284095762837565 0.005979944028646013 0.021458568746663968
56.42994983012933 0.23624274609320908 0.006156804930423374 0.021598402973666535
57.75070916542917 0.2444931240829593 0.006341591736612781 0.021742309610737066
59.102381255871144 0.25321017280339164 0.006561472140180945 0.021890870802393384
60.48568962345122 0.2624415832113332 0.006789667081775592 0.022044591322454773
61.901374724407454 0.2722345711410264 0.007049797107011089 0.02220392403848138
63.350194345570806 0.28265110985473624 0.007331468917808508 0.022369515232195072
64.8329240099927 0.2937467688917072 0.00763850715435221 0.022541856405846744
66.3503573920664 0.3055905502085962 0.007975013352123389 0.022721596925732963
67.90330674236448 0.3182532286773517 0.008335414188025575 0.02290935493725327
69.4926033224196 0.33181288551713367 0.008732654030345146 0.023105797731063818
71.1190978496816 0.3463550167205162 0.009150035799119221 0.023311636452378087
72.78366095288885 0.36196950446884296 0.009613658167267405 0.023527577541457772
74.48718363809776 0.37875274424534416 0.010094774687420868 0.023754348943612134
76.2305777656198 0.3968171960049996 0.010627215575523397 0.023992821677654017
78.01477653812138 0.41626588491142863 0.01118694878968589 0.02424366444708048
79.84073500014787 0.4372415326670479 0.01178479830101308 0.024507978264938467
81.70943054933909 0.45985510522141176 0.012430512109662326 0.02478637400689851
83.62186345960995 0.4842635530053893 0.013098150107304245 0.025079947744195755
85.57905741657639 0.5106255400146047 0.013834221478274587 0.0253897141080568
87.58206006551292 0.5390874365542273 0.014604189912308952 0.025716447453193913
89.63194357213541 0.5698458988229347 0.015401570078244583 0.026061401931835832
91.7298051965092 0.603087912355233 0.016280612077805717 0.02642560738430891
93.87676788038989 0.6390026566799057 0.017196593053100378 0.026810010835216173
96.07398084830928 0.6778235434548434 0.018148958246997027 0.02721591954276975
98.32262022273369 0.7197920423988614 0.0191661345524468 0.027644594482084946
100.6238896536163 0.7651324528314185 0.020248212285221664 0.02809699631509511
102.97902096268643 0.814128899498964 0.021384715907201732 0.0285745582187025
105.3892748028181 0.8670709247777764 0.022554283006910605 0.029078620179499956
107.85594133283125 0.9242457531749959 0.023791174076243208 0.029610358356421156
110.38034090808713 0.9860028594068482 0.025119449271296616 0.030171381302006122
112.96382478724692 1.0526538790751627 0.02649313327836174 0.030762795856586568
115.60777585557254 1.1245721176117827 0.027932745768158466 0.03138610829238741
118.31360936515638 1.202157390080882 0.029439208406883178 0.03204288470140873
121.08277369247632 1.2858133400156584 0.030995380066489317 0.032734550308319864
123.91675111368166 1.3759620269156085 0.03263882781441237 0.03346251233693145
126.81705859802462 1.4730994268307573 0.03433878929410189 0.034228592991247093
129.78524861986259 1.5776725124313797 0.036122422438719354 0.03503403611170548
132.8229099896654 1.6902392365063157 0.03797185218421252 0.035880755872989126
135.9316687044725 1.8112976856256278 0.039906610564188455 0.03677001209099676
139.1131888182554 1.9414695888156916 0.04190089936579103 0.03770377846928636
142.36917333265131 2.0812806357604976 0.0439865228056402 0.03868312910818423
145.70136510854445 2.231444997982705 0.04614541807154509 0.03971025925087901
149.1115477989833 2.392562434763791 0.048352267456488435 0.040786350409505095
152.60154680393308 2.565330729819287 0.05067779763460847 0.041913038630219696
156.17323024737425 2.7505011913594815 0.053028423666231894 0.04309208207365569
159.8285099772708 2.9487886912791184 0.05547191997762541 0.044324779824288875
163.56934258894248 3.161014862957498 0.05797272672722189 0.04561287462657683
167.39773047238972 3.3879482411139583 0.0605761232898034 0.04695755482788322
171.31572288413147 3.6305118168662744 0.06325462382907691 0.04836069744021048
175.3254170441296 3.889530192788043 0.0659505581310513 0.049823366949975294
179.42895925838715 4.165853156844231 0.06871250411162313 0.05134656154088729
183.62854606782219 4.460433682401686 0.07158917283732447 0.05293163136465726
187.92642542402749 4.774299745230497 0.07447416141821721 0.054580089234425914
192.32489789255678 5.108411619130476 0.07741511108192856 0.05629285417018731
196.82631788436683 5.4636120988306915 0.08040851198659499 0.05807004733014424
201.4330949160854 5.841092931434529 0.08343302618894853 0.05991333981320336
206.14769489977547 6.241745568332807 0.0865421303700332 0.061822704496725396
210.97264146288668 6.666637111087516 0.08958930997088896 0.0637987807562042
215.91051729910086 7.116766997811622 0.09271498816149101 0.06584170247835971
220.96396555079411 7.593193033554901 0.09584145351621043 0.06795169746456055
226.13569122385616 8.096881980950482 0.09892707777234734 0.07012842353754394
231.4284626356238 8.629940349272502 0.10246503700933281 0.07237621149524483
236.8451128967036 9.193107586199286 0.10617681626505376 0.07469324818645011
242.38854142747726 9.800541898031707 0.112486890704628 0.07713152820387854
248.06171551010107 10.452333034086045 0.11741449580052563 0.07968396356313955
253.86767187683046 11.150495165338931 0.12321115832324576 0.08235098489307514
259.8095183355196 11.902452484521183 0.13014279757571254 0.08515284627557956
265.89043543316654 12.716846030817672 0.1376803433770355 0.08811241059121892
272.11367815839384 13.59719996006302 0.1452137128820959 0.09123231899769894
278.4825776837764 14.550539390636848 0.15437948603952134 0.0945266509260139
285.00054314894913 15.587946233374481 0.16392130878611552 0.0980216268310694
291.6710634854482 16.71653576747654 0.1749483210871127 0.10172791104365272
298.497709284264 17.95194195397762 0.18697887085555384 0.10568197237855312
305.4841347071041 19.30549176048143 0.20103750040607635 0.10990333482379766
312.6340794423904 20.797130042632652 0.2162061291418776 0.11443530694859823
319.95137070703623 22.447213954089978 0.23484440950010801 0.11931802255143555
327.4399252950765 24.281258418587953 0.25591842799608 0.12460204400232924
335.1037516742459 26.333665211507665 0.2803650745206768 0.13035726690702643
342.94695213162873 28.646329307674485 0.30942651152570316 0.13666641652947323
350.97372496952755 31.272399662940053 0.3449727770282159 0.14363273014585654
359.18836675272905 34.28158043675254 0.38805993780663633 0.15139011836366673
367.59527460835994 37.76475582363526 0.44188899986651914 0.16010949444155165
376.1989485795864 41.84050394938173 0.5078013887066238 0.17000770821625874
385.0039940343882 46.648900567296124 0.5869628557979409 0.18132383794395007
394.01512413071765 52.33902965580119 0.6760892139633109 0.19428341434214
403.2371623393555 58.98942626168942 0.7627047935008417 0.20892111610178538
412.6750450258144 66.48139762028835 0.8177937829344573 0.22483799218468298
422.33382409267284 74.42444271221302 0.8178479998687294 0.24111779403035846
432.2186696837539 82.3406203717873 0.7781165330693465 0.256775803814072
442.33487295159557 89.91479836900403 0.718983589751659 0.2712499285197882
452.68784888969503 97.0475440527266 0.6603413289615774 0.28443737264372787
463.28313923104207 103.76816132342108 0.6101058787324333 0.296475464078851
474.1264154144937 110.14960757944662 0.5687502673816239 0.3075628716886647
485.2234816205777 116.27260564068442 0.5362405857838355 0.3178919919601954
496.5802778783496 122.21038781911315 0.5107218077823475 0.327625156571128
508.2028832449671 128.02918795565463 0.49141224574585063 0.33689912375096664
520.0975190596831 133.7868570812643 0.4776021517883858 0.3458258860321912
532.2705522739993 139.54161752156003 0.4684849224403411 0.35450853668480714
544.7284988597631 145.34487601490682 0.46394983034361675 0.36303155973211665
557.4780272970322 151.25791718606433 0.464516889882095 0.37148644193762004
570.525962143573 157.34730655631842 0.4698175100371213 0.3799642304554351
583.8792876879052 163.69804005457138 0.48257855832382984 0.3885729315238815
597.5451516878459 170.42628152637818 0.5038319354514089 0.39745187122062064
611.5308691965561 177.64925239420393 0.5247074904661693 0.40672911220102864
625.843926478137 185.20752267380286 0.5312860713632677 0.41617592662435343
640.4919850148711 193.0388340316171 0.5379907095415436 0.4257001130630153
655.4828856082551 201.1552629164495 0.5447513789179473 0.43530481768802287
670.8246525760177 209.5620998416406 0.5511485418271617 0.4449848337822751
686.5254980473704 218.26640780681913 0.5575501296111349 0.45473702698643964
702.5938263587897 227.27632919671169 0.5638793147085462 0.4645593656343754
719.0382385526866 236.59845735435445 0.5698687959916288 0.4744480203121542
735.8675369813546 246.23997141816346 0.5758678848712752 0.4843997661711206
753.0907300187034 256.20864620351864 0.5816892619332266 0.4944119335811951
770.7170368822425 266.51256278828015 0.5874011650035535 0.5044820689932729
788.75589256794 277.1593904580417 0.5929925443094136 0.5146072344583265
807.2169529005799 288.15614442134006 0.5983996629577188 0.5247838416976519
826.1100997023249 299.51369972317656 0.6037874984213275 0.5350117844189104
845.4454460822495 311.23805626654234 0.6089276959574575 0.5452864211279856
865.2333418496789 323.3383698798992 0.6140387157585787 0.5556059102416082
885.4843790542254 335.82418400781256 0.6190141089498928 0.5659686165904014
906.2093976554934 348.70440810057954 0.6239243634382485 0.5763722649224524
927.4194913254844 361.9894490681192 0.6286502200031775 0.5868156839102059
949.1260133868094 375.68724202912705 0.6333826919898845 0.5972956582341171
971.3405828898863 389.8083503887339 0.6379231249972926 0.6078109441489158
994.0750908323765 404.3624661670229 0.6424168832083312 0.6183595250756332
1017.3417065241894 419.3626952793845 0.6470525916645268 0.6289417108530625
1041.1528841014601 434.8167441959014 0.6510220096691997 0.6395538490276574
1065.5213691929912 450.731170588971 0.6550576378560122 0.6501915953632426
1090.460205742722 467.1251434211307 0.6594502854347424 0.660858921775516
1115.9827429918817 484.0129638187046 0.6638463524378792 0.6715561598843183
1142.10264262456 501.39282739940165 0.6672943141979436 0.682273481035039
1168.8338860805238 519.2903991662652 0.6713193654182993 0.6930181053298446
1196.1907820391907 537.7095134503966 0.6755407449329152 0.7037837072743123
1224.1879740787685 556.6636007744676 0.6787961590569791 0.7145697188330367
1252.8404485146584 576.1676523574041 0.6825697402153887 0.7253762704858384
1282.163542421318 596.2381518611327 0.6863265416350957 0.7362040703451939
1312.172951841879 616.8858877938204 0.6895765031380284 0.747050573544301
1342.884740189913 638.1221367319247 0.6933835603436503 0.7579134912643551
1374.315346847843 659.962990899618 0.6970460291506797 0.7687929158587278
1406.4815959666098 682.4240092944234 0.7000256324072343 0.7796884712047709
1439.4007054712667 705.5251993769874 0.7031213718600096 0.7906017051442603
1473.0902962774117 729.273725465703 0.7068284923290755 0.8015279487445105
1507.5684017232754 753.6812755543806 0.7095909775777081 0.8124647491301695
1542.8534772225976 778.7778542482761 0.7126420866563465 0.8234176349246565
1578.9644101434267 804.5727515337975 0.7157403596167055 0.8343827028694749
1615.9205299181367 831.0818794542691 0.7182572482693307 0.8453589138705465
1653.7416183900693 858.3277164401103 0.7218131002809357 0.8563477689407694
1692.447920402345 886.3185634642538 0.7244778855638485 0.8673449058543214
1732.0601546345065 915.0804586121421 0.7274155021743587 0.878352906359165
1772.5995246927973 944.6282263066645 0.7304087624317582 0.8893697885745828
1814.087730460013 974.9833790006358 0.7329822475353877 0.900395970766999
1856.5469797109968 1006.1725050572255 0.7359289297756118 0.9114334454867933
1900.0 1038.2005321270035 0.7382522796767648 0.9224763870623262
